-25.000000
-25.000000
-25.000000
-25.000000
-25.000000
-25.000000
-25.000000
-25.000000
-25.000000
-25.000000
-25.001120
-25.001260
-25.001380
-25.001480
-25.001560
-25.001610
-25.001630
-25.001620
-25.001570
-25.001490
-25.001360
-25.001190
-25.000970
-25.000710
-25.000400
-25.000040
-24.999640
-24.999180
-24.998690
-24.998140
-24.997560
-24.996930
-24.996260
-24.995560
-24.994830
-24.994060
-24.993270
-24.992450
-24.991620
-24.990770
-24.989910
-24.989040
-24.988160
-24.987290
-24.986410
-24.985550
-24.984690
-24.983850
-24.983030
-24.982230
-24.981450
-24.980700
-24.979980
-24.979300
-24.978650
-24.978040
-24.977470
-24.976940
-24.976460
-24.976020
-24.975630
-24.975300
-24.975010
-24.974770
-24.974580
-24.974440
-24.974350
-24.974300
-24.974310
-24.974360
-24.974450
-24.974590
-24.974770
-24.974990
-24.975250
-24.975550
-24.975880
-24.976240
-24.976640
-24.977070
-24.977540
-24.978030
-24.978550
-24.979110
-24.979690
-24.980300
-24.980940
-24.981610
-24.982310
-24.983030
-24.983790
-24.984580
-24.985400
-24.986240
-24.987120
-24.988030
-24.988970
-24.989950
-24.990950
-24.991990
-6.664380
-6.664380
-6.664380
-6.664380
-6.648670
-6.640550
-6.631350
-6.621470
-6.611280
-6.601150
-6.591390
-6.582260
-6.574030
-6.566900
-6.561020
-6.556450
-6.553170
-6.551030
-6.549810
-6.549230
-6.548980
-6.548820
-6.548550
-6.548070
-6.547330
-6.546350
-6.545150
-6.543790
-6.542310
-6.540730
-6.539090
-6.537400
-6.535680
-6.533930
-6.532160
-6.530370
-6.528580
-6.526790
-6.524990
-6.523190
-6.521400
-6.519620
-6.517840
-6.516070
-6.514320
-6.512580
-6.510850
-6.509140
-6.507450
-6.505770
-6.504120
-6.502490
-6.500880
-6.499290
-6.497720
-6.496180
-6.494670
-6.493180
-6.491720
-6.490290
-6.488890
-6.487520
-6.486180
-6.484870
-6.483600
-6.482360
-6.481160
-6.479990
-6.478860
-6.477760
-6.476710
-6.475690
-6.474720
-6.473780
-6.472900
-6.472000
-6.471370
-6.469960
-6.471760
-6.460980
-6.502380
-6.321700
-7.116240
-3.986970
-9.861590
-2.872980
-9.887040
-2.643450
-9.741110
-2.962470
-9.731830
-3.545560
-10.200450
-2.017460
-9.783070
-5.032060
-11.449960
-3.432210
-2.207330
-9.870700
38.194530
40.422070
40.618000
40.744090
40.840550
40.920540
40.989840
41.051340
41.106520
41.155950
41.199540
41.236520
41.265470
41.284410
41.291300
41.285190
41.268020
41.245600
41.225570
41.213020
41.208310
41.209010
41.212520
41.217220
41.222300
41.227380
41.232300
41.236980
41.241360
41.245410
41.249110
41.252430
41.255370
41.257910
41.260060
41.261800
41.263140
41.264080
41.264610
41.264750
41.264500
41.263850
41.262820
41.261410
41.259620
41.257460
41.254930
41.252040
41.248800
41.245210
41.241270
41.237000
41.232380
41.227430
41.222150
41.216550
41.210620
41.204380
41.197810
41.190930
41.183730
41.176210
41.168380
41.160240
41.151790
41.143020
41.133950
41.124560
41.114870
41.104860
41.094560
41.083940
41.073030
41.061830
41.050330
41.038540
41.026470
41.014130
41.001520
40.988650
40.975530
40.962160
40.948560
40.934740
40.920700
40.906450
40.892010
40.877380
40.862580
40.847610
40.832480
40.817210
40.801810
40.786270
40.770620
40.754870
40.739010
40.723060
40.707030
40.690920
-24.074270
-25.489890
-27.061780
-28.818500
-30.796340
-33.042260
-35.618200
-38.607800
-42.127130
-46.342740
-51.503410
-58.000230
-66.489800
-78.176750
-95.568650
-125.015930
-189.453780
-507.587710
254.140520
689.703170
-97.208010
-128.179860
-198.230760
-607.067640
201.946080
308.775240
-7988.771720
69.669720
71.084770
72.509940
73.945540
75.391940
76.849510
78.318670
79.799870
81.293620
82.800440
84.320950
85.855790
87.405670
88.971380
90.553780
92.153820
93.772550
95.411110
97.070800
98.753010
100.459320
102.191470
103.951400
105.741260
107.563480
109.420750
111.316110
113.252980
115.235210
117.267170
119.353810
121.500790
123.714580
126.002590
128.373420
130.837000
133.404940
136.090860
138.910850
141.884040
145.033400
148.386750
151.978090
155.849490
160.053670
164.657680
169.748240
175.439720
181.886470
189.302550
197.994640
208.420220
221.297040
237.827200
260.209360
293.002230
347.688160
465.383890
1028.972610
-334.624650
-728.886150
863.689280
-534.021710
4506.981760
-0.533740
-0.433040
-0.333820
-0.236060
-0.139740
-0.044840
0.000000
0.000000
0.000000
0.000000
0.000000
0.000000
0.000000
0.000000
0.000000
0.000000
0.000000
0.000000
0.000000
0.000000
0.000000
0.000000
0.000000
0.000000
0.000000
0.000000
0.000000
0.000000
0.000000
0.000000
0.000000
0.000000
0.000000
0.000000
0.000000
0.000000
0.000000
0.000000
0.000000
0.000000
0.000000
0.000000
0.000000
0.000000
0.000000
0.000000
0.000000
0.000000
0.000000
0.000000
0.000000
0.000000
0.000000
0.000000
0.000000
0.000000
0.000000
0.000000
0.000000
0.000000
0.000000
0.000000
0.000000
0.000000
0.000000
0.000000
0.000000
0.000000
0.000000
0.000000
0.000000
0.000000
0.000000
0.000000
0.000000
0.000000
0.000000
0.000000
0.000000
0.000000
0.000000
0.000000
0.000000
0.000000
0.000000
0.000000
0.000000
0.000000
0.000000
0.000000
0.000000
0.000000
0.000000
0.000000
0.000000
0.000000
0.000000
0.000000
0.000000
0.000000
0.000000
0.000000
0.000000
0.000000
0.000000
0.000000
0.000000
0.000000
0.000000
40.814390
41.859630
42.089780
42.182100
42.235110
42.270730
42.297190
42.318410
42.336560
42.352970
42.368560
42.383970
42.399680
42.416020
42.433150
42.450910
42.468550
42.484160
42.493600
42.488930
42.458220
42.393410
42.310790
42.249310
42.219290
42.200010
42.181990
42.165250
42.149330
42.134150
42.119520
42.105410
42.091690
42.078390
42.065340
42.052720
42.040140
42.028280
42.015600
42.005660
41.989360
41.991460
41.939670
42.057930
41.604260
43.050110
38.563650
44.127520
43.289390
37.954710
44.180340
44.300070
37.967920
44.880340
37.459980
44.237350
45.452340
38.266870
45.598450
38.317290
45.212050
38.090930
45.972520
38.393800
43.749090
36.734930
45.063900
33.054930
43.215360
43.532440
44.132750
45.751440
35.595220
44.403470
46.661190
37.462220
47.310390
38.558880
35.158030
44.331990
46.441870
36.488080
46.142640
35.561330
44.878850
47.345130
38.596110
35.539260
44.891740
47.132050
38.529360
35.369890
44.653250
47.558810
38.562730
35.586070
44.709800
47.017030
38.594330
35.759880
17.045550
17.045550
17.066270
17.084410
17.101710
17.115850
17.126070
17.132480
17.135570
17.135930
17.134180
17.130830
17.126300
17.120910
17.114870
17.108330
17.101330
17.093920
17.086080
17.077780
17.068990
17.059640
17.049710
17.045550
17.045550
17.045550
17.045550
17.045550
17.045550
17.045550
17.045550
17.045550
17.045550
17.045550
17.045550
17.045550
17.045550
17.045550
17.045550
17.045550
17.045550
17.045550
17.045550
17.045550
17.002780
16.967060
16.927050
16.886240
16.847830
16.815450
16.793140
16.783750
16.785850
16.792720
16.796810
16.795380
16.790170
16.783400
16.775880
16.767850
16.759480
16.750830
16.741990
16.732990
16.723870
16.714640
16.705370
16.695930
16.686700
16.676680
16.669050
16.652850
16.669690
16.547600
17.059800
14.687790
20.550060
13.453110
20.779600
13.805430
12.781240
20.070290
13.803440
21.254180
11.810290
21.704580
11.826140
22.933710
12.932230
9.484640
19.580330
22.417350
10.542060
22.976250
10.796130
25.230440
12.849190
9.319760
22.750650
7.195320
-37.352430
-39.656070
-39.972780
-40.219620
-40.441730
-40.640350
-40.746420
-40.508770
-40.179730
-40.544210
-40.021020
-41.055950
-38.648850
-42.329700
-38.064460
-42.585060
-40.052910
-42.059290
-35.219830
-42.346780
-42.984530
-42.223470
-34.701640
-42.512200
-43.138430
-43.476020
-34.731740
-42.918070
-43.778640
-36.156080
-43.107130
-44.029340
-34.331860
-42.797760
-43.377660
-44.222970
-34.612130
-43.132720
-43.948190
-38.170610
-43.938480
-38.857110
-44.166860
-34.597850
-42.944550
-43.481120
-44.214970
-34.527820
-43.076030
-43.697830
-43.181810
-34.421250
-42.966630
-43.474800
-44.061710
-34.573000
-43.005530
-43.541000
-43.739390
-34.667390
-43.007690
-43.549510
-43.467920
-34.625120
-42.945090
-43.451430
-43.758660
-34.657370
-42.944960
-43.474720
-43.569340
-34.632120
-42.934870
-43.488480
-43.466230
-34.573650
-42.934630
-43.528460
-43.283240
-34.444520
-42.925490
-43.559110
-43.309780
-34.371400
-42.982690
-43.728510
-42.619470
-33.993750
-42.891110
-43.598460
-44.019370
-34.861630
-43.607160
-44.406810
-35.139570
-44.053110
-58.714020
-37.352430
-37.352430
-37.352430
12.800750
13.303550
13.550410
13.640720
13.687070
13.714370
13.731520
13.742590
13.749710
13.754130
13.756620
13.757680
13.757680
13.756860
13.755410
13.753460
13.751120
13.748470
13.745570
13.742480
13.739230
13.735870
13.732420
13.728910
13.725350
13.721750
13.718150
13.714530
13.710930
13.707330
13.703760
13.700220
13.696710
13.693230
13.689800
13.686420
13.683080
13.679790
13.676560
13.673380
13.670250
13.667180
13.664170
13.661220
13.658330
13.655500
13.652730
13.650020
13.647380
13.644790
13.642260
13.639800
13.637400
13.635050
13.632770
13.630550
13.628390
13.626280
13.624240
13.622250
13.620320
13.618450
13.616640
13.614880
13.613180
13.611530
13.609940
13.608400
13.606910
13.605480
13.604100
13.602770
13.601490
13.600260
13.599070
13.597940
13.596860
13.595820
13.594820
13.593880
13.592970
13.592110
13.591300
13.590520
13.589790
13.589100
13.588450
13.587840
13.587260
13.586730
13.586230
13.585760
13.585340
13.584940
13.584590
13.584260
13.583970
13.583700
13.583470
13.583270
4.907560
4.907560
4.907560
4.952080
4.971420
4.988360
5.002700
5.014730
5.024880
5.033520
5.040970
5.047460
5.053170
5.058260
5.062830
5.066960
5.070740
5.074210
5.077430
5.080420
5.083220
5.085840
5.088330
5.090680
5.092920
5.095060
5.097110
5.099080
5.100970
5.102810
5.104580
5.106300
5.107970
5.109600
5.111190
5.112740
5.114260
5.115750
5.117210
5.118650
5.120060
5.121460
5.122830
5.124180
5.125520
5.126840
5.128150
5.129450
5.130730
5.132010
5.133270
5.134520
5.135770
5.137010
5.138240
5.139470
5.140680
5.141900
5.143110
5.144310
5.145510
5.146710
5.147910
5.149100
5.150290
5.151480
5.152660
5.153850
5.155030
5.156220
5.157400
5.158590
5.159770
5.160950
5.162140
5.163320
5.164510
5.165700
5.166890
5.168080
5.169270
5.170460
5.171660
5.172860
5.174060
5.175260
5.176460
5.177670
5.178880
5.180100
5.181310
5.182530
5.183760
5.184980
5.186210
5.187450
5.188690
5.189930
5.191170
5.192420
-0.562220
-0.562220
-0.562220
-0.562220
-0.562220
-0.580800
-0.585510
-0.589850
-0.593730
-0.597130
-0.600080
-0.602600
-0.604740
-0.606530
-0.608020
-0.609240
-0.610230
-0.611000
-0.611590
-0.612010
-0.612290
-0.612440
-0.612480
-0.612410
-0.612240
-0.612000
-0.611680
-0.611290
-0.610840
-0.610340
-0.609780
-0.609180
-0.608540
-0.607860
-0.607150
-0.606400
-0.605630
-0.604830
-0.604000
-0.603160
-0.602290
-0.601410
-0.600510
-0.599590
-0.598670
-0.597730
-0.596780
-0.595820
-0.594850
-0.593870
-0.592890
-0.591900
-0.590910
-0.589920
-0.588920
-0.587920
-0.586910
-0.585910
-0.584910
-0.583910
-0.582910
-0.581910
-0.580920
-0.579930
-0.578950
-0.577970
-0.576990
-0.576020
-0.575060
-0.574110
-0.573170
-0.572230
-0.571310
-0.570390
-0.569490
-0.568600
-0.567730
-0.566870
-0.566020
-0.565190
-0.564380
-0.563590
-0.562810
-0.562220
-0.562220
-0.562220
-0.562220
-0.562220
-0.562220
-0.562220
-0.562220
-0.562220
-0.562220
-0.562220
-0.562220
-0.562220
-0.562220
-0.562220
-0.562220
-0.562220
-1.824220
-1.824220
-1.824220
-1.824220
-1.824220
-1.824220
-1.824220
-1.824220
-1.833290
-1.834530
-1.835650
-1.836650
-1.837530
-1.838290
-1.838930
-1.839460
-1.839880
-1.840200
-1.840440
-1.840590
-1.840670
-1.840680
-1.840630
-1.840530
-1.840370
-1.840170
-1.839930
-1.839650
-1.839350
-1.839010
-1.838660
-1.838280
-1.837880
-1.837470
-1.837050
-1.836620
-1.836180
-1.835740
-1.835300
-1.834860
-1.834420
-1.833980
-1.833550
-1.833130
-1.832710
-1.832310
-1.831920
-1.831550
-1.831200
-1.830860
-1.830540
-1.830250
-1.829970
-1.829730
-1.829510
-1.829310
-1.829140
-1.829000
-1.828890
-1.828810
-1.828760
-1.828740
-1.828740
-1.828760
-1.828800
-1.828860
-1.828930
-1.829000
-1.829060
-1.829100
-1.829110
-1.829070
-1.828970
-1.828780
-1.828500
-1.828100
-1.827560
-1.826880
-1.826030
-1.825010
-1.823810
-1.822440
-1.820910
-1.819210
-1.817370
-1.815410
-1.813340
-1.811180
-1.808950
-1.806680
-1.804360
-1.802030
-1.799690
-1.797350
-1.795020
-1.792720
-1.790430
-1.788170
-1.785940
-1.783750
-5.391920
-5.391920
-5.391920
-5.441370
-5.460730
-5.476800
-5.489700
-5.499950
-5.508120
-5.514640
-5.519870
-5.524090
-5.527480
-5.530220
-5.532420
-5.534170
-5.535540
-5.536600
-5.537390
-5.537950
-5.538310
-5.538510
-5.538550
-5.538470
-5.538270
-5.537970
-5.537580
-5.537110
-5.536570
-5.535970
-5.535310
-5.534610
-5.533850
-5.533060
-5.532230
-5.531370
-5.530480
-5.529570
-5.528630
-5.527670
-5.526690
-5.525690
-5.524680
-5.523660
-5.522620
-5.521570
-5.520520
-5.519460
-5.518390
-5.517310
-5.516230
-5.515140
-5.514060
-5.512970
-5.511870
-5.510780
-5.509690
-5.508590
-5.507500
-5.506410
-5.505320
-5.504230
-5.503150
-5.502060
-5.500980
-5.499910
-5.498840
-5.497770
-5.496710
-5.495650
-5.494590
-5.493540
-5.492500
-5.491460
-5.490430
-5.489410
-5.488390
-5.487370
-5.486370
-5.485370
-5.484370
-5.483390
-5.482410
-5.481440
-5.480470
-5.479520
-5.478570
-5.477620
-5.476690
-5.475760
-5.474850
-5.473940
-5.473030
-5.472140
-5.471250
-5.470380
-5.469510
-5.468650
-5.467790
-5.466950
-6.288650
-6.288650
-6.288650
-6.288650
-6.312720
-6.320820
-6.328290
-6.334940
-6.340740
-6.345750
-6.350070
-6.353770
-6.356940
-6.359660
-6.362000
-6.364020
-6.365750
-6.367240
-6.368510
-6.369610
-6.370550
-6.371350
-6.372030
-6.372610
-6.373090
-6.373490
-6.373820
-6.374080
-6.374280
-6.374440
-6.374550
-6.374620
-6.374650
-6.374650
-6.374630
-6.374570
-6.374500
-6.374410
-6.374300
-6.374170
-6.374040
-6.373890
-6.373730
-6.373560
-6.373390
-6.373210
-6.373020
-6.372840
-6.372640
-6.372450
-6.372260
-6.372070
-6.371870
-6.371680
-6.371490
-6.371300
-6.371120
-6.370940
-6.370760
-6.370590
-6.370420
-6.370250
-6.370100
-6.369940
-6.369800
-6.369660
-6.369520
-6.369400
-6.369280
-6.369160
-6.369060
-6.368960
-6.368870
-6.368790
-6.368710
-6.368650
-6.368590
-6.368540
-6.368500
-6.368470
-6.368450
-6.368430
-6.368430
-6.368430
-6.368450
-6.368470
-6.368500
-6.368540
-6.368590
-6.368660
-6.368730
-6.368810
-6.368900
-6.368990
-6.369100
-6.369220
-6.369350
-6.369490
-6.369640
-6.369800
-5.269250
-5.269250
-5.269250
-5.269250
-5.269250
-5.269250
-5.269250
-5.269250
-5.269250
-5.269250
-5.269250
-5.269250
-5.269250
-5.269250
-5.269250
-5.269250
-5.269250
-5.271570
-5.271860
-5.272170
-5.272500
-5.272840
-5.273200
-5.273580
-5.273970
-5.274370
-5.274790
-5.275230
-5.275680
-5.276140
-5.276610
-5.277090
-5.277590
-5.278090
-5.278610
-5.279130
-5.279660
-5.280200
-5.280750
-5.281310
-5.281870
-5.282430
-5.283010
-5.283580
-5.284170
-5.284750
-5.285340
-5.285930
-5.286530
-5.287130
-5.287730
-5.288330
-5.288930
-5.289540
-5.290140
-5.290750
-5.291360
-5.291960
-5.292570
-5.293170
-5.293780
-5.294380
-5.294990
-5.295590
-5.296190
-5.296790
-5.297390
-5.297980
-5.298570
-5.299170
-5.299750
-5.300340
-5.300920
-5.301500
-5.302080
-5.302650
-5.303220
-5.303790
-5.304350
-5.304910
-5.305470
-5.306020
-5.306570
-5.307110
-5.307650
-5.308190
-5.308720
-5.309250
-5.309770
-5.310280
-5.310800
-5.311300
-5.311810
-5.312300
-5.312790
-5.313280
-5.313760
-5.314240
-5.314710
-5.315180
-3.407000
-3.407000
-3.407000
-3.407000
-3.407000
-3.407000
-3.407000
-3.407000
-3.407000
-3.407000
-3.407000
-3.407000
-3.407000
-3.407000
-3.403230
-3.402950
-3.402670
-3.402410
-3.402170
-3.401940
-3.401720
-3.401530
-3.401340
-3.401170
-3.401020
-3.400870
-3.400740
-3.400620
-3.400520
-3.400420
-3.400330
-3.400260
-3.400190
-3.400130
-3.400080
-3.400040
-3.400000
-3.399970
-3.399950
-3.399930
-3.399920
-3.399910
-3.399910
-3.399910
-3.399920
-3.399940
-3.399960
-3.399980
-3.400010
-3.400050
-3.400090
-3.400130
-3.400190
-3.400240
-3.400310
-3.400380
-3.400460
-3.400550
-3.400640
-3.400750
-3.400860
-3.400980
-3.401120
-3.401260
-3.401420
-3.401580
-3.401760
-3.401960
-3.402160
-3.402380
-3.402620
-3.402860
-3.403130
-3.403400
-3.403700
-3.404000
-3.404330
-3.404660
-3.405020
-3.405380
-3.405760
-3.406150
-3.406550
-3.406970
-3.407400
-3.407840
-3.408280
-3.408740
-3.409200
-3.409670
-3.410150
-3.410630
-3.411120
-3.411610
-3.412100
-3.412590
-3.413090
-3.413590
-3.414080
-3.414570
-1.320610
-1.320610
-1.320610
-1.320610
-1.320610
-1.320610
-1.320610
-1.320610
-1.320610
-1.320610
-1.320610
-1.320610
-1.320610
-1.320610
-1.320610
-1.320610
-1.320610
-1.320610
-1.320610
-1.320610
-1.320610
-1.320610
-1.320610
-1.318720
-1.318680
-1.318650
-1.318620
-1.318600
-1.318580
-1.318560
-1.318550
-1.318540
-1.318540
-1.318540
-1.318540
-1.318550
-1.318560
-1.318570
-1.318590
-1.318610
-1.318630
-1.318650
-1.318670
-1.318700
-1.318720
-1.318750
-1.318780
-1.318810
-1.318840
-1.318870
-1.318900
-1.318930
-1.318960
-1.318990
-1.319030
-1.319060
-1.319090
-1.319120
-1.319150
-1.319190
-1.319220
-1.319250
-1.319280
-1.319310
-1.319340
-1.319370
-1.319400
-1.319420
-1.319450
-1.319480
-1.319500
-1.319530
-1.319560
-1.319580
-1.319600
-1.319630
-1.319650
-1.319670
-1.319690
-1.319710
-1.319730
-1.319750
-1.319770
-1.319790
-1.319810
-1.319830
-1.319850
-1.319870
-1.319880
-1.319900
-1.319920
-1.319940
-1.319950
-1.319970
-1.319990
-1.320000
-1.320020
-1.320040
-1.320050
-1.320070
0.322750
0.322750
0.322750
0.322750
0.322750
0.322750
0.322750
0.322750
0.322750
0.322750
0.322750
0.322750
0.322750
0.322750
0.322750
0.322750
0.322750
0.322750
0.322750
0.322750
0.322750
0.322750
0.322750
0.322750
0.322750
0.322750
0.322750
0.322750
0.322750
0.322750
0.322750
0.322750
0.322750
0.322750
0.322750
0.322750
0.322750
0.322750
0.322750
0.322750
0.322750
0.322750
0.322750
0.322750
0.322750
0.322750
0.322750
0.322750
0.322750
0.322750
0.322750
0.322750
0.322750
0.322750
0.322750
0.322750
0.322750
0.322750
0.322750
0.322750
0.322750
0.322750
0.322750
0.322750
0.322750
0.322750
0.322750
0.322750
0.322750
0.322750
0.322750
0.322750
0.322750
0.322750
0.322750
0.322750
0.322750
0.322750
0.322750
0.322750
0.322750
0.322750
0.322750
0.322750
0.322750
0.322750
0.322750
0.322750
0.322750
0.322750
0.322750
0.322750
0.322750
0.322750
0.322750
0.322750
0.322750
0.322750
0.322750
0.322750
1.106120
1.106120
1.106120
1.106120
1.106120
1.106120
1.106120
1.106120
1.106120
1.106120
1.106120
1.106120
1.106120
1.106120
1.106120
1.106120
1.106120
1.106120
1.106120
1.106120
1.106120
1.106120
1.106120
1.106120
1.106120
1.106120
1.106120
1.106120
1.106120
1.106120
1.106120
1.106120
1.106120
1.106120
1.106120
1.106120
1.106120
1.106120
1.106120
1.106120
1.106120
1.106120
1.106120
1.106120
1.106120
1.106120
1.106120
1.106120
1.106120
1.106120
1.106120
1.106120
1.106120
1.106120
1.106120
1.106120
1.106120
1.106120
1.106120
1.106120
1.106120
1.106120
1.106120
1.106120
1.106120
1.106120
1.106120
1.106120
1.106120
1.106120
1.106120
1.106120
1.106120
1.106120
1.106120
1.106120
1.106120
1.106120
1.106120
1.106120
1.106120
1.106120
1.106120
1.106120
1.106120
1.106120
1.106120
1.106120
1.106120
1.106120
1.106120
1.106120
1.106120
1.106120
1.106120
1.106120
1.106120
1.106120
1.106120
1.106120
1.170140
1.170140
1.170140
1.170140
1.170140
1.170140
1.170140
1.170140
1.170140
1.170140
1.170140
1.170140
1.170140
1.170140
1.170140
1.170140
1.170140
1.170140
1.170140
1.170140
1.170140
1.170140
1.170140
1.170140
1.170140
1.170140
1.170140
1.170140
1.170140
1.170140
1.170140
1.170140
1.170140
1.170140
1.170140
1.170140
1.170140
1.170140
1.170140
1.170140
1.170140
1.170140
1.170140
1.170140
1.170140
1.170140
1.170140
1.170140
1.170140
1.170140
1.170140
1.170140
1.170140
1.170140
1.170140
1.170140
1.170140
1.170140
1.170140
1.170140
1.170140
1.170140
1.170140
1.170140
1.170140
1.170140
1.170140
1.170140
1.170140
1.170140
1.170140
1.170140
1.170140
1.170140
1.170140
1.170140
1.170140
1.170140
1.170140
1.170140
1.170140
1.170140
1.170140
1.170140
1.170140
1.170140
1.170140
1.170140
1.170140
1.170140
1.170140
1.170140
1.170140
1.170140
1.170140
1.170140
1.170140
1.170140
1.170140
1.170140
0.890610
0.890610
0.890610
0.890610
0.890610
0.890610
0.890610
0.890610
0.890610
0.890610
0.890610
0.890610
0.890610
0.890610
0.890610
0.890610
0.890610
0.890610
0.890610
0.890610
0.890610
0.890610
0.890610
0.890610
0.890610
0.890610
0.890610
0.890610
0.890610
0.890610
0.890610
0.890610
0.890610
0.890610
0.890610
0.890610
0.890610
0.890610
0.890610
0.890610
0.890610
0.890610
0.890610
0.890610
0.890610
0.890610
0.890610
0.890610
0.890610
0.890610
0.890610
0.890610
0.890610
0.890610
0.890610
0.890610
0.890610
0.890610
0.890610
0.890610
0.890610
0.890610
0.890610
0.890610
0.890610
0.890610
0.890610
0.890610
0.890610
0.890610
0.890610
0.890610
0.890610
0.890610
0.890610
0.890610
0.890610
0.890610
0.890610
0.890610
0.890610
0.890610
0.890610
0.890610
0.890610
0.890610
0.890610
0.890610
0.890610
0.890610
0.890610
0.890610
0.890610
0.890610
0.890610
0.890610
0.890610
0.890610
0.890610
0.890610
0.545390
0.545390
0.545390
0.545390
0.545390
0.545390
0.545390
0.545390
0.545390
0.545390
0.545390
0.545390
0.545390
0.545390
0.545390
0.545390
0.545390
0.545390
0.545390
0.545390
0.545390
0.545390
0.545390
0.545390
0.545390
0.545390
0.545390
0.545390
0.545390
0.545390
0.545390
0.545390
0.545390
0.545390
0.545390
0.545390
0.545390
0.545390
0.545390
0.545390
0.545390
0.545390
0.545390
0.545390
0.545390
0.545390
0.545390
0.545390
0.545390
0.545390
0.545390
0.545390
0.545390
0.545390
0.545390
0.545390
0.545390
0.545390
0.545390
0.545390
0.545390
0.545390
0.545390
0.545390
0.545390
0.545390
0.545390
0.545390
0.545390
0.545390
0.545390
0.545390
0.545390
0.545390
0.545390
0.545390
0.545390
0.545390
0.545390
0.545390
0.545390
0.545390
0.545390
0.545390
0.545390
0.545390
0.545390
0.545390
0.545390
0.545390
0.545390
0.545390
0.545390
0.545390
0.545390
0.545390
0.545390
0.545390
0.545390
0.545390
0.259790
0.259790
0.259790
0.259790
0.259790
0.259790
0.259790
0.259790
0.259790
0.259790
0.259790
0.259790
0.259790
0.259790
0.259790
0.259790
0.259790
0.259790
0.259790
0.259790
0.259790
0.259790
0.259790
0.259790
0.259790
0.259790
0.259790
0.259790
0.259790
0.259790
0.259790
0.259790
0.259790
0.259790
0.259790
0.259790
0.259790
0.259790
0.259790
0.259790
0.259790
0.259790
0.259790
0.259790
0.259790
0.259790
0.259790
0.259790
0.259790
0.259790
0.259790
0.259790
0.259790
0.259790
0.259790
0.259790
0.259790
0.259790
0.259790
0.259790
0.259790
0.259790
0.259790
0.259790
0.259790
0.259790
0.259790
0.259790
0.259790
0.259790
0.259790
0.259790
0.259790
0.259790
0.259790
0.259790
0.259790
0.259790
0.259790
0.259790
0.259790
0.259790
0.259790
0.259790
0.259790
0.259790
0.259790
0.259790
0.259790
0.259790
0.259790
0.259790
0.259790
0.259790
0.259790
0.259790
0.259790
0.259790
0.259790
0.259790
0.067620
0.067620
0.067620
0.067620
0.067620
0.067620
0.067620
0.067620
0.067620
0.067620
0.067620
0.067620
0.067620
0.067620
0.067620
0.067620
0.067620
0.067620
0.067620
0.067620
0.067620
0.067620
0.067620
0.067620
0.067620
0.067620
0.067620
0.067620
0.067620
0.067620
0.067620
0.067620
0.067620
0.067620
0.067620
0.067620
0.067620
0.067620
0.067620
0.067620
0.067620
0.067620
0.067620
0.067620
0.067620
0.067620
0.067620
0.067620
0.067620
0.067620
0.067620
0.067620
0.067620
0.067620
0.067620
0.067620
0.067620
0.067620
0.067620
0.067620
0.067620
0.067620
0.067620
0.067620
0.067620
0.067620
0.067620
0.067620
0.067620
0.067620
0.067620
0.067620
0.067620
0.067620
0.067620
0.067620
0.067620
0.067620
0.067620
0.067620
0.067620
0.067620
0.067620
0.067620
0.067620
0.067620
0.067620
0.067620
0.067620
0.067620
0.067620
0.067620
0.067620
0.067620
0.067620
0.067620
0.067620
0.067620
0.067620
0.067620
-0.038660
-0.038660
-0.038660
-0.038660
-0.038660
-0.038660
-0.038660
-0.038660
-0.038660
-0.038660
-0.038660
-0.038660
-0.038660
-0.038660
-0.038660
-0.038660
-0.038660
-0.038660
-0.038660
-0.038660
-0.038660
-0.038660
-0.038660
-0.038660
-0.038660
-0.038660
-0.038660
-0.038660
-0.038660
-0.038660
-0.038660
-0.038660
-0.038660
-0.038660
-0.038660
-0.038660
-0.038660
-0.038660
-0.038660
-0.038660
-0.038660
-0.038660
-0.038660
-0.038660
-0.038660
-0.038660
-0.038660
-0.038660
-0.038660
-0.038660
-0.038660
-0.038660
-0.038660
-0.038660
-0.038660
-0.038660
-0.038660
-0.038660
-0.038660
-0.038660
-0.038660
-0.038660
-0.038660
-0.038660
-0.038660
-0.038660
-0.038660
-0.038660
-0.038660
-0.038660
-0.038660
-0.038660
-0.038660
-0.038660
-0.038660
-0.038660
-0.038660
-0.038660
-0.038660
-0.038660
-0.038660
-0.038660
-0.038660
-0.038660
-0.038660
-0.038660
-0.038660
-0.038660
-0.038660
-0.038660
-0.038660
-0.038660
-0.038660
-0.038660
-0.038660
-0.038660
-0.038660
-0.038660
-0.038660
-0.038660
-0.081660
-0.081660
-0.081660
-0.081660
-0.081660
-0.081660
-0.081660
-0.081660
-0.081660
-0.081660
-0.081660
-0.081660
-0.081660
-0.081660
-0.081660
-0.081660
-0.081660
-0.081660
-0.081660
-0.081660
-0.081660
-0.081660
-0.081660
-0.081660
-0.081660
-0.081660
-0.081660
-0.081660
-0.081660
-0.081660
-0.081660
-0.081660
-0.081660
-0.081660
-0.081660
-0.081660
-0.081660
-0.081660
-0.081660
-0.081660
-0.081660
-0.081660
-0.081660
-0.081660
-0.081660
-0.081660
-0.081660
-0.081660
-0.081660
-0.081660
-0.081660
-0.081660
-0.081660
-0.081660
-0.081660
-0.081660
-0.081660
-0.081660
-0.081660
-0.081660
-0.081660
-0.081660
-0.081660
-0.081660
-0.081660
-0.081660
-0.081660
-0.081660
-0.081660
-0.081660
-0.081660
-0.081660
-0.081660
-0.081660
-0.081660
-0.081660
-0.081660
-0.081660
-0.081660
-0.081660
-0.081660
-0.081660
-0.081660
-0.081660
-0.081660
-0.081660
-0.081660
-0.081660
-0.081660
-0.081660
-0.081660
-0.081660
-0.081660
-0.081660
-0.081660
-0.081660
-0.081660
-0.081660
-0.081660
-0.081660
-0.085590
-0.085590
-0.085590
-0.085590
-0.085590
-0.085590
-0.085590
-0.085590
-0.085590
-0.085590
-0.085590
-0.085590
-0.085590
-0.085590
-0.085590
-0.085590
-0.085590
-0.085590
-0.085590
-0.085590
-0.085590
-0.085590
-0.085590
-0.085590
-0.085590
-0.085590
-0.085590
-0.085590
-0.085590
-0.085590
-0.085590
-0.085590
-0.085590
-0.085590
-0.085590
-0.085590
-0.085590
-0.085590
-0.085590
-0.085590
-0.085590
-0.085590
-0.085590
-0.085590
-0.085590
-0.085590
-0.085590
-0.085590
-0.085590
-0.085590
-0.085590
-0.085590
-0.085590
-0.085590
-0.085590
-0.085590
-0.085590
-0.085590
-0.085590
-0.085590
-0.085590
-0.085590
-0.085590
-0.085590
-0.085590
-0.085590
-0.085590
-0.085590
-0.085590
-0.085590
-0.085590
-0.085590
-0.085590
-0.085590
-0.085590
-0.085590
-0.085590
-0.085590
-0.085590
-0.085590
-0.085590
-0.085590
-0.085590
-0.085590
-0.085590
-0.085590
-0.085590
-0.085590
-0.085590
-0.085590
-0.085590
-0.085590
-0.085590
-0.085590
-0.085590
-0.085590
-0.085590
-0.085590
-0.085590
-0.085590
-0.070090
-0.070090
-0.070090
-0.070090
-0.070090
-0.070090
-0.070090
-0.070090
-0.070090
-0.070090
-0.070090
-0.070090
-0.070090
-0.070090
-0.070090
-0.070090
-0.070090
-0.070090
-0.070090
-0.070090
-0.070090
-0.070090
-0.070090
-0.070090
-0.070090
-0.070090
-0.070090
-0.070090
-0.070090
-0.070090
-0.070090
-0.070090
-0.070090
-0.070090
-0.070090
-0.070090
-0.070090
-0.070090
-0.070090
-0.070090
-0.070090
-0.070090
-0.070090
-0.070090
-0.070090
-0.070090
-0.070090
-0.070090
-0.070090
-0.070090
-0.070090
-0.070090
-0.070090
-0.070090
-0.070090
-0.070090
-0.070090
-0.070090
-0.070090
-0.070090
-0.070090
-0.070090
-0.070090
-0.070090
-0.070090
-0.070090
-0.070090
-0.070090
-0.070090
-0.070090
-0.070090
-0.070090
-0.070090
-0.070090
-0.070090
-0.070090
-0.070090
-0.070090
-0.070090
-0.070090
-0.070090
-0.070090
-0.070090
-0.070090
-0.070090
-0.070090
-0.070090
-0.070090
-0.070090
-0.070090
-0.070090
-0.070090
-0.070090
-0.070090
-0.070090
-0.070090
-0.070090
-0.070090
-0.070090
-0.070090
-0.048460
-0.048460
-0.048460
-0.048460
-0.048460
-0.048460
-0.048460
-0.048460
-0.048460
-0.048460
-0.048460
-0.048460
-0.048460
-0.048460
-0.048460
-0.048460
-0.048460
-0.048460
-0.048460
-0.048460
-0.048460
-0.048460
-0.048460
-0.048460
-0.048460
-0.048460
-0.048460
-0.048460
-0.048460
-0.048460
-0.048460
-0.048460
-0.048460
-0.048460
-0.048460
-0.048460
-0.048460
-0.048460
-0.048460
-0.048460
-0.048460
-0.048460
-0.048460
-0.048460
-0.048460
-0.048460
-0.048460
-0.048460
-0.048460
-0.048460
-0.048460
-0.048460
-0.048460
-0.048460
-0.048460
-0.048460
-0.048460
-0.048460
-0.048460
-0.048460
-0.048460
-0.048460
-0.048460
-0.048460
-0.048460
-0.048460
-0.048460
-0.048460
-0.048460
-0.048460
-0.048460
-0.048460
-0.048460
-0.048460
-0.048460
-0.048460
-0.048460
-0.048460
-0.048460
-0.048460
-0.048460
-0.048460
-0.048460
-0.048460
-0.048460
-0.048460
-0.048460
-0.048460
-0.048460
-0.048460
-0.048460
-0.048460
-0.048460
-0.048460
-0.048460
-0.048460
-0.048460
-0.048460
-0.048460
-0.048460
-0.028260
-0.028260
-0.028260
-0.028260
-0.028260
-0.028260
-0.028260
-0.028260
-0.028260
-0.028260
-0.028260
-0.028260
-0.028260
-0.028260
-0.028260
-0.028260
-0.028260
-0.028260
-0.028260
-0.028260
-0.028260
-0.028260
-0.028260
-0.028260
-0.028260
-0.028260
-0.028260
-0.028260
-0.028260
-0.028260
-0.028260
-0.028260
-0.028260
-0.028260
-0.028260
-0.028260
-0.028260
-0.028260
-0.028260
-0.028260
-0.028260
-0.028260
-0.028260
-0.028260
-0.028260
-0.028260
-0.028260
-0.028260
-0.028260
-0.028260
-0.028260
-0.028260
-0.028260
-0.028260
-0.028260
-0.028260
-0.028260
-0.028260
-0.028260
-0.028260
-0.028260
-0.028260
-0.028260
-0.028260
-0.028260
-0.028260
-0.028260
-0.028260
-0.028260
-0.028260
-0.028260
-0.028260
-0.028260
-0.028260
-0.028260
-0.028260
-0.028260
-0.028260
-0.028260
-0.028260
-0.028260
-0.028260
-0.028260
-0.028260
-0.028260
-0.028260
-0.028260
-0.028260
-0.028260
-0.028260
-0.028260
-0.028260
-0.028260
-0.028260
-0.028260
-0.028260
-0.028260
-0.028260
-0.028260
-0.028260
-0.012830
-0.012830
-0.012830
-0.012830
-0.012830
-0.012830
-0.012830
-0.012830
-0.012830
-0.012830
-0.012830
-0.012830
-0.012830
-0.012830
-0.012830
-0.012830
-0.012830
-0.012830
-0.012830
-0.012830
-0.012830
-0.012830
-0.012830
-0.012830
-0.012830
-0.012830
-0.012830
-0.012830
-0.012830
-0.012830
-0.012830
-0.012830
-0.012830
-0.012830
-0.012830
-0.012830
-0.012830
-0.012830
-0.012830
-0.012830
-0.012830
-0.012830
-0.012830
-0.012830
-0.012830
-0.012830
-0.012830
-0.012830
-0.012830
-0.012830
-0.012830
-0.012830
-0.012830
-0.012830
-0.012830
-0.012830
-0.012830
-0.012830
-0.012830
-0.012830
-0.012830
-0.012830
-0.012830
-0.012830
-0.012830
-0.012830
-0.012830
-0.012830
-0.012830
-0.012830
-0.012830
-0.012830
-0.012830
-0.012830
-0.012830
-0.012830
-0.012830
-0.012830
-0.012830
-0.012830
-0.012830
-0.012830
-0.012830
-0.012830
-0.012830
-0.012830
-0.012830
-0.012830
-0.012830
-0.012830
-0.012830
-0.012830
-0.012830
-0.012830
-0.012830
-0.012830
-0.012830
-0.012830
-0.012830
-0.012830
-0.002790
-0.002790
-0.002790
-0.002790
-0.002790
-0.002790
-0.002790
-0.002790
-0.002790
-0.002790
-0.002790
-0.002790
-0.002790
-0.002790
-0.002790
-0.002790
-0.002790
-0.002790
-0.002790
-0.002790
-0.002790
-0.002790
-0.002790
-0.002790
-0.002790
-0.002790
-0.002790
-0.002790
-0.002790
-0.002790
-0.002790
-0.002790
-0.002790
-0.002790
-0.002790
-0.002790
-0.002790
-0.002790
-0.002790
-0.002790
-0.002790
-0.002790
-0.002790
-0.002790
-0.002790
-0.002790
-0.002790
-0.002790
-0.002790
-0.002790
-0.002790
-0.002790
-0.002790
-0.002790
-0.002790
-0.002790
-0.002790
-0.002790
-0.002790
-0.002790
-0.002790
-0.002790
-0.002790
-0.002790
-0.002790
-0.002790
-0.002790
-0.002790
-0.002790
-0.002790
-0.002790
-0.002790
-0.002790
-0.002790
-0.002790
-0.002790
-0.002790
-0.002790
-0.002790
-0.002790
-0.002790
-0.002790
-0.002790
-0.002790
-0.002790
-0.002790
-0.002790
-0.002790
-0.002790
-0.002790
-0.002790
-0.002790
-0.002790
-0.002790
-0.002790
-0.002790
-0.002790
-0.002790
-0.002790
-0.002790
0.002650
0.002650
0.002650
0.002650
0.002650
0.002650
0.002650
0.002650
0.002650
0.002650
0.002650
0.002650
0.002650
0.002650
0.002650
0.002650
0.002650
0.002650
0.002650
0.002650
0.002650
0.002650
0.002650
0.002650
0.002650
0.002650
0.002650
0.002650
0.002650
0.002650
0.002650
0.002650
0.002650
0.002650
0.002650
0.002650
0.002650
0.002650
0.002650
0.002650
0.002650
0.002650
0.002650
0.002650
0.002650
0.002650
0.002650
0.002650
0.002650
0.002650
0.002650
0.002650
0.002650
0.002650
0.002650
0.002650
0.002650
0.002650
0.002650
0.002650
0.002650
0.002650
0.002650
0.002650
0.002650
0.002650
0.002650
0.002650
0.002650
0.002650
0.002650
0.002650
0.002650
0.002650
0.002650
0.002650
0.002650
0.002650
0.002650
0.002650
0.002650
0.002650
0.002650
0.002650
0.002650
0.002650
0.002650
0.002650
0.002650
0.002650
0.002650
0.002650
0.002650
0.002650
0.002650
0.002650
0.002650
0.002650
0.002650
0.002650
0.004780
0.004780
0.004780
0.004780
0.004780
0.004780
0.004780
0.004780
0.004780
0.004780
0.004780
0.004780
0.004780
0.004780
0.004780
0.004780
0.004780
0.004780
0.004780
0.004780
0.004780
0.004780
0.004780
0.004780
0.004780
0.004780
0.004780
0.004780
0.004780
0.004780
0.004780
0.004780
0.004780
0.004780
0.004780
0.004780
0.004780
0.004780
0.004780
0.004780
0.004780
0.004780
0.004780
0.004780
0.004780
0.004780
0.004780
0.004780
0.004780
0.004780
0.004780
0.004780
0.004780
0.004780
0.004780
0.004780
0.004780
0.004780
0.004780
0.004780
0.004780
0.004780
0.004780
0.004780
0.004780
0.004780
0.004780
0.004780
0.004780
0.004780
0.004780
0.004780
0.004780
0.004780
0.004780
0.004780
0.004780
0.004780
0.004780
0.004780
0.004780
0.004780
0.004780
0.004780
0.004780
0.004780
0.004780
0.004780
0.004780
0.004780
0.004780
0.004780
0.004780
0.004780
0.004780
0.004780
0.004780
0.004780
0.004780
0.004780
0.004880
0.004880
0.004880
0.004880
0.004880
0.004880
0.004880
0.004880
0.004880
0.004880
0.004880
0.004880
0.004880
0.004880
0.004880
0.004880
0.004880
0.004880
0.004880
0.004880
0.004880
0.004880
0.004880
0.004880
0.004880
0.004880
0.004880
0.004880
0.004880
0.004880
0.004880
0.004880
0.004880
0.004880
0.004880
0.004880
0.004880
0.004880
0.004880
0.004880
0.004880
0.004880
0.004880
0.004880
0.004880
0.004880
0.004880
0.004880
0.004880
0.004880
0.004880
0.004880
0.004880
0.004880
0.004880
0.004880
0.004880
0.004880
0.004880
0.004880
0.004880
0.004880
0.004880
0.004880
0.004880
0.004880
0.004880
0.004880
0.004880
0.004880
0.004880
0.004880
0.004880
0.004880
0.004880
0.004880
0.004880
0.004880
0.004880
0.004880
0.004880
0.004880
0.004880
0.004880
0.004880
0.004880
0.004880
0.004880
0.004880
0.004880
0.004880
0.004880
0.004880
0.004880
0.004880
0.004880
0.004880
0.004880
0.004880
0.004880
0.003980
0.003980
0.003980
0.003980
0.003980
0.003980
0.003980
0.003980
0.003980
0.003980
0.003980
0.003980
0.003980
0.003980
0.003980
0.003980
0.003980
0.003980
0.003980
0.003980
0.003980
0.003980
0.003980
0.003980
0.003980
0.003980
0.003980
0.003980
0.003980
0.003980
0.003980
0.003980
0.003980
0.003980
0.003980
0.003980
0.003980
0.003980
0.003980
0.003980
0.003980
0.003980
0.003980
0.003980
0.003980
0.003980
0.003980
0.003980
0.003980
0.003980
0.003980
0.003980
0.003980
0.003980
0.003980
0.003980
0.003980
0.003980
0.003980
0.003980
0.003980
0.003980
0.003980
0.003980
0.003980
0.003980
0.003980
0.003980
0.003980
0.003980
0.003980
0.003980
0.003980
0.003980
0.003980
0.003980
0.003980
0.003980
0.003980
0.003980
0.003980
0.003980
0.003980
0.003980
0.003980
0.003980
0.003980
0.003980
0.003980
0.003980
0.003980
0.003980
0.003980
0.003980
0.003980
0.003980
0.003980
0.003980
0.003980
0.003980
0.002770
0.002770
0.002770
0.002770
0.002770
0.002770
0.002770
0.002770
0.002770
0.002770
0.002770
0.002770
0.002770
0.002770
0.002770
0.002770
0.002770
0.002770
0.002770
0.002770
0.002770
0.002770
0.002770
0.002770
0.002770
0.002770
0.002770
0.002770
0.002770
0.002770
0.002770
0.002770
0.002770
0.002770
0.002770
0.002770
0.002770
0.002770
0.002770
0.002770
0.002770
0.002770
0.002770
0.002770
0.002770
0.002770
0.002770
0.002770
0.002770
0.002770
0.002770
0.002770
0.002770
0.002770
0.002770
0.002770
0.002770
0.002770
0.002770
0.002770
0.002770
0.002770
0.002770
0.002770
0.002770
0.002770
0.002770
0.002770
0.002770
0.002770
0.002770
0.002770
0.002770
0.002770
0.002770
0.002770
0.002770
0.002770
0.002770
0.002770
0.002770
0.002770
0.002770
0.002770
0.002770
0.002770
0.002770
0.002770
0.002770
0.002770
0.002770
0.002770
0.002770
0.002770
0.002770
0.002770
0.002770
0.002770
0.002770
0.002770
0.001640
0.001640
0.001640
0.001640
0.001640
0.001640
0.001640
0.001640
0.001640
0.001640
0.001640
0.001640
0.001640
0.001640
0.001640
0.001640
0.001640
0.001640
0.001640
0.001640
0.001640
0.001640
0.001640
0.001640
0.001640
0.001640
0.001640
0.001640
0.001640
0.001640
0.001640
0.001640
0.001640
0.001640
0.001640
0.001640
0.001640
0.001640
0.001640
0.001640
0.001640
0.001640
0.001640
0.001640
0.001640
0.001640
0.001640
0.001640
0.001640
0.001640
0.001640
0.001640
0.001640
0.001640
0.001640
0.001640
0.001640
0.001640
0.001640
0.001640
0.001640
0.001640
0.001640
0.001640
0.001640
0.001640
0.001640
0.001640
0.001640
0.001640
0.001640
0.001640
0.001640
0.001640
0.001640
0.001640
0.001640
0.001640
0.001640
0.001640
0.001640
0.001640
0.001640
0.001640
0.001640
0.001640
0.001640
0.001640
0.001640
0.001640
0.001640
0.001640
0.001640
0.001640
0.001640
0.001640
0.001640
0.001640
0.001640
0.001640
0.000780
0.000780
0.000780
0.000780
0.000780
0.000780
0.000780
0.000780
0.000780
0.000780
0.000780
0.000780
0.000780
0.000780
0.000780
0.000780
0.000780
0.000780
0.000780
0.000780
0.000780
0.000780
0.000780
0.000780
0.000780
0.000780
0.000780
0.000780
0.000780
0.000780
0.000780
0.000780
0.000780
0.000780
0.000780
0.000780
0.000780
0.000780
0.000780
0.000780
0.000780
0.000780
0.000780
0.000780
0.000780
0.000780
0.000780
0.000780
0.000780
0.000780
0.000780
0.000780
0.000780
0.000780
0.000780
0.000780
0.000780
0.000780
0.000780
0.000780
0.000780
0.000780
0.000780
0.000780
0.000780
0.000780
0.000780
0.000780
0.000780
0.000780
0.000780
0.000780
0.000780
0.000780
0.000780
0.000780
0.000780
0.000780
0.000780
0.000780
0.000780
0.000780
0.000780
0.000780
0.000780
0.000780
0.000780
0.000780
0.000780
0.000780
0.000780
0.000780
0.000780
0.000780
0.000780
0.000780
0.000780
0.000780
0.000780
0.000780
0.000210
0.000210
0.000210
0.000210
0.000210
0.000210
0.000210
0.000210
0.000210
0.000210
0.000210
0.000210
0.000210
0.000210
0.000210
0.000210
0.000210
0.000210
0.000210
0.000210
0.000210
0.000210
0.000210
0.000210
0.000210
0.000210
0.000210
0.000210
0.000210
0.000210
0.000210
0.000210
0.000210
0.000210
0.000210
0.000210
0.000210
0.000210
0.000210
0.000210
0.000210
0.000210
0.000210
0.000210
0.000210
0.000210
0.000210
0.000210
0.000210
0.000210
0.000210
0.000210
0.000210
0.000210
0.000210
0.000210
0.000210
0.000210
0.000210
0.000210
0.000210
0.000210
0.000210
0.000210
0.000210
0.000210
0.000210
0.000210
0.000210
0.000210
0.000210
0.000210
0.000210
0.000210
0.000210
0.000210
0.000210
0.000210
0.000210
0.000210
0.000210
0.000210
0.000210
0.000210
0.000210
0.000210
0.000210
0.000210
0.000210
0.000210
0.000210
0.000210
0.000210
0.000210
0.000210
0.000210
0.000210
0.000210
0.000210
0.000210
-0.000100
-0.000100
-0.000100
-0.000100
-0.000100
-0.000100
-0.000100
-0.000100
-0.000100
-0.000100
-0.000100
-0.000100
-0.000100
-0.000100
-0.000100
-0.000100
-0.000100
-0.000100
-0.000100
-0.000100
-0.000100
-0.000100
-0.000100
-0.000100
-0.000100
-0.000100
-0.000100
-0.000100
-0.000100
-0.000100
-0.000100
-0.000100
-0.000100
-0.000100
-0.000100
-0.000100
-0.000100
-0.000100
-0.000100
-0.000100
-0.000100
-0.000100
-0.000100
-0.000100
-0.000100
-0.000100
-0.000100
-0.000100
-0.000100
-0.000100
-0.000100
-0.000100
-0.000100
-0.000100
-0.000100
-0.000100
-0.000100
-0.000100
-0.000100
-0.000100
-0.000100
-0.000100
-0.000100
-0.000100
-0.000100
-0.000100
-0.000100
-0.000100
-0.000100
-0.000100
-0.000100
-0.000100
-0.000100
-0.000100
-0.000100
-0.000100
-0.000100
-0.000100
-0.000100
-0.000100
-0.000100
-0.000100
-0.000100
-0.000100
-0.000100
-0.000100
-0.000100
-0.000100
-0.000100
-0.000100
-0.000100
-0.000100
-0.000100
-0.000100
-0.000100
-0.000100
-0.000100
-0.000100
-0.000100
-0.000100
-0.000230
-0.000230
-0.000230
-0.000230
-0.000230
-0.000230
-0.000230
-0.000230
-0.000230
-0.000230
-0.000230
-0.000230
-0.000230
-0.000230
-0.000230
-0.000230
-0.000230
-0.000230
-0.000230
-0.000230
-0.000230
-0.000230
-0.000230
-0.000230
-0.000230
-0.000230
-0.000230
-0.000230
-0.000230
-0.000230
-0.000230
-0.000230
-0.000230
-0.000230
-0.000230
-0.000230
-0.000230
-0.000230
-0.000230
-0.000230
-0.000230
-0.000230
-0.000230
-0.000230
-0.000230
-0.000230
-0.000230
-0.000230
-0.000230
-0.000230
-0.000230
-0.000230
-0.000230
-0.000230
-0.000230
-0.000230
-0.000230
-0.000230
-0.000230
-0.000230
-0.000230
-0.000230
-0.000230
-0.000230
-0.000230
-0.000230
-0.000230
-0.000230
-0.000230
-0.000230
-0.000230
-0.000230
-0.000230
-0.000230
-0.000230
-0.000230
-0.000230
-0.000230
-0.000230
-0.000230
-0.000230
-0.000230
-0.000230
-0.000230
-0.000230
-0.000230
-0.000230
-0.000230
-0.000230
-0.000230
-0.000230
-0.000230
-0.000230
-0.000230
-0.000230
-0.000230
-0.000230
-0.000230
-0.000230
-0.000230
-0.000250
-0.000250
-0.000250
-0.000250
-0.000250
-0.000250
-0.000250
-0.000250
-0.000250
-0.000250
-0.000250
-0.000250
-0.000250
-0.000250
-0.000250
-0.000250
-0.000250
-0.000250
-0.000250
-0.000250
-0.000250
-0.000250
-0.000250
-0.000250
-0.000250
-0.000250
-0.000250
-0.000250
-0.000250
-0.000250
-0.000250
-0.000250
-0.000250
-0.000250
-0.000250
-0.000250
-0.000250
-0.000250
-0.000250
-0.000250
-0.000250
-0.000250
-0.000250
-0.000250
-0.000250
-0.000250
-0.000250
-0.000250
-0.000250
-0.000250
-0.000250
-0.000250
-0.000250
-0.000250
-0.000250
-0.000250
-0.000250
-0.000250
-0.000250
-0.000250
-0.000250
-0.000250
-0.000250
-0.000250
-0.000250
-0.000250
-0.000250
-0.000250
-0.000250
-0.000250
-0.000250
-0.000250
-0.000250
-0.000250
-0.000250
-0.000250
-0.000250
-0.000250
-0.000250
-0.000250
-0.000250
-0.000250
-0.000250
-0.000250
-0.000250
-0.000250
-0.000250
-0.000250
-0.000250
-0.000250
-0.000250
-0.000250
-0.000250
-0.000250
-0.000250
-0.000250
-0.000250
-0.000250
-0.000250
-0.000250
-0.000210
-0.000210
-0.000210
-0.000210
-0.000210
-0.000210
-0.000210
-0.000210
-0.000210
-0.000210
-0.000210
-0.000210
-0.000210
-0.000210
-0.000210
-0.000210
-0.000210
-0.000210
-0.000210
-0.000210
-0.000210
-0.000210
-0.000210
-0.000210
-0.000210
-0.000210
-0.000210
-0.000210
-0.000210
-0.000210
-0.000210
-0.000210
-0.000210
-0.000210
-0.000210
-0.000210
-0.000210
-0.000210
-0.000210
-0.000210
-0.000210
-0.000210
-0.000210
-0.000210
-0.000210
-0.000210
-0.000210
-0.000210
-0.000210
-0.000210
-0.000210
-0.000210
-0.000210
-0.000210
-0.000210
-0.000210
-0.000210
-0.000210
-0.000210
-0.000210
-0.000210
-0.000210
-0.000210
-0.000210
-0.000210
-0.000210
-0.000210
-0.000210
-0.000210
-0.000210
-0.000210
-0.000210
-0.000210
-0.000210
-0.000210
-0.000210
-0.000210
-0.000210
-0.000210
-0.000210
-0.000210
-0.000210
-0.000210
-0.000210
-0.000210
-0.000210
-0.000210
-0.000210
-0.000210
-0.000210
-0.000210
-0.000210
-0.000210
-0.000210
-0.000210
-0.000210
-0.000210
-0.000210
-0.000210
-0.000210
-0.000150
-0.000150
-0.000150
-0.000150
-0.000150
-0.000150
-0.000150
-0.000150
-0.000150
-0.000150
-0.000150
-0.000150
-0.000150
-0.000150
-0.000150
-0.000150
-0.000150
-0.000150
-0.000150
-0.000150
-0.000150
-0.000150
-0.000150
-0.000150
-0.000150
-0.000150
-0.000150
-0.000150
-0.000150
-0.000150
-0.000150
-0.000150
-0.000150
-0.000150
-0.000150
-0.000150
-0.000150
-0.000150
-0.000150
-0.000150
-0.000150
-0.000150
-0.000150
-0.000150
-0.000150
-0.000150
-0.000150
-0.000150
-0.000150
-0.000150
-0.000150
-0.000150
-0.000150
-0.000150
-0.000150
-0.000150
-0.000150
-0.000150
-0.000150
-0.000150
-0.000150
-0.000150
-0.000150
-0.000150
-0.000150
-0.000150
-0.000150
-0.000150
-0.000150
-0.000150
-0.000150
-0.000150
-0.000150
-0.000150
-0.000150
-0.000150
-0.000150
-0.000150
-0.000150
-0.000150
-0.000150
-0.000150
-0.000150
-0.000150
-0.000150
-0.000150
-0.000150
-0.000150
-0.000150
-0.000150
-0.000150
-0.000150
-0.000150
-0.000150
-0.000150
-0.000150
-0.000150
-0.000150
-0.000150
-0.000150
-0.000090
-0.000090
-0.000090
-0.000090
-0.000090
-0.000090
-0.000090
-0.000090
-0.000090
-0.000090
-0.000090
-0.000090
-0.000090
-0.000090
-0.000090
-0.000090
-0.000090
-0.000090
-0.000090
-0.000090
-0.000090
-0.000090
-0.000090
-0.000090
-0.000090
-0.000090
-0.000090
-0.000090
-0.000090
-0.000090
-0.000090
-0.000090
-0.000090
-0.000090
-0.000090
-0.000090
-0.000090
-0.000090
-0.000090
-0.000090
-0.000090
-0.000090
-0.000090
-0.000090
-0.000090
-0.000090
-0.000090
-0.000090
-0.000090
-0.000090
-0.000090
-0.000090
-0.000090
-0.000090
-0.000090
-0.000090
-0.000090
-0.000090
-0.000090
-0.000090
-0.000090
-0.000090
-0.000090
-0.000090
-0.000090
-0.000090
-0.000090
-0.000090
-0.000090
-0.000090
-0.000090
-0.000090
-0.000090
-0.000090
-0.000090
-0.000090
-0.000090
-0.000090
-0.000090
-0.000090
-0.000090
-0.000090
-0.000090
-0.000090
-0.000090
-0.000090
-0.000090
-0.000090
-0.000090
-0.000090
-0.000090
-0.000090
-0.000090
-0.000090
-0.000090
-0.000090
-0.000090
-0.000090
-0.000090
-0.000090
-0.000040
-0.000040
-0.000040
-0.000040
-0.000040
-0.000040
-0.000040
-0.000040
-0.000040
-0.000040
-0.000040
-0.000040
-0.000040
-0.000040
-0.000040
-0.000040
-0.000040
-0.000040
-0.000040
-0.000040
-0.000040
-0.000040
-0.000040
-0.000040
-0.000040
-0.000040
-0.000040
-0.000040
-0.000040
-0.000040
-0.000040
-0.000040
-0.000040
-0.000040
-0.000040
-0.000040
-0.000040
-0.000040
-0.000040
-0.000040
-0.000040
-0.000040
-0.000040
-0.000040
-0.000040
-0.000040
-0.000040
-0.000040
-0.000040
-0.000040
-0.000040
-0.000040
-0.000040
-0.000040
-0.000040
-0.000040
-0.000040
-0.000040
-0.000040
-0.000040
-0.000040
-0.000040
-0.000040
-0.000040
-0.000040
-0.000040
-0.000040
-0.000040
-0.000040
-0.000040
-0.000040
-0.000040
-0.000040
-0.000040
-0.000040
-0.000040
-0.000040
-0.000040
-0.000040
-0.000040
-0.000040
-0.000040
-0.000040
-0.000040
-0.000040
-0.000040
-0.000040
-0.000040
-0.000040
-0.000040
-0.000040
-0.000040
-0.000040
-0.000040
-0.000040
-0.000040
-0.000040
-0.000040
-0.000040
-0.000040
-0.000010
-0.000010
-0.000010
-0.000010
-0.000010
-0.000010
-0.000010
-0.000010
-0.000010
-0.000010
-0.000010
-0.000010
-0.000010
-0.000010
-0.000010
-0.000010
-0.000010
-0.000010
-0.000010
-0.000010
-0.000010
-0.000010
-0.000010
-0.000010
-0.000010
-0.000010
-0.000010
-0.000010
-0.000010
-0.000010
-0.000010
-0.000010
-0.000010
-0.000010
-0.000010
-0.000010
-0.000010
-0.000010
-0.000010
-0.000010
-0.000010
-0.000010
-0.000010
-0.000010
-0.000010
-0.000010
-0.000010
-0.000010
-0.000010
-0.000010
-0.000010
-0.000010
-0.000010
-0.000010
-0.000010
-0.000010
-0.000010
-0.000010
-0.000010
-0.000010
-0.000010
-0.000010
-0.000010
-0.000010
-0.000010
-0.000010
-0.000010
-0.000010
-0.000010
-0.000010
-0.000010
-0.000010
-0.000010
-0.000010
-0.000010
-0.000010
-0.000010
-0.000010
-0.000010
-0.000010
-0.000010
-0.000010
-0.000010
-0.000010
-0.000010
-0.000010
-0.000010
-0.000010
-0.000010
-0.000010
-0.000010
-0.000010
-0.000010
-0.000010
-0.000010
-0.000010
-0.000010
-0.000010
-0.000010
-0.000010
0.000000
0.000000
0.000000
0.000000
0.000000
0.000000
0.000000
0.000000
0.000000
0.000000
0.000000
0.000000
0.000000
0.000000
0.000000
0.000000
0.000000
0.000000
0.000000
0.000000
0.000000
0.000000
0.000000
0.000000
0.000000
0.000000
0.000000
0.000000
0.000000
0.000000
0.000000
0.000000
0.000000
0.000000
0.000000
0.000000
0.000000
0.000000
0.000000
0.000000
0.000000
0.000000
0.000000
0.000000
0.000000
0.000000
0.000000
0.000000
0.000000
0.000000
0.000000
0.000000
0.000000
0.000000
0.000000
0.000000
0.000000
0.000000
0.000000
0.000000
0.000000
0.000000
0.000000
0.000000
0.000000
0.000000
0.000000
0.000000
0.000000
0.000000
0.000000
0.000000
0.000000
0.000000
0.000000
0.000000
0.000000
0.000000
0.000000
0.000000
0.000000
0.000000
0.000000
0.000000
0.000000
0.000000
0.000000
0.000000
0.000000
0.000000
0.000000
0.000000
0.000000
0.000000
0.000000
0.000000
0.000000
0.000000
0.000000
0.000000
0.000010
0.000010
0.000010
0.000010
0.000010
0.000010
0.000010
0.000010
0.000010
0.000010
0.000010
0.000010
0.000010
0.000010
0.000010
0.000010
0.000010
0.000010
0.000010
0.000010
0.000010
0.000010
0.000010
0.000010
0.000010
0.000010
0.000010
0.000010
0.000010
0.000010
0.000010
0.000010
0.000010
0.000010
0.000010
0.000010
0.000010
0.000010
0.000010
0.000010
0.000010
0.000010
0.000010
0.000010
0.000010
0.000010
0.000010
0.000010
0.000010
0.000010
0.000010
0.000010
0.000010
0.000010
0.000010
0.000010
0.000010
0.000010
0.000010
0.000010
0.000010
0.000010
0.000010
0.000010
0.000010
0.000010
0.000010
0.000010
0.000010
0.000010
0.000010
0.000010
0.000010
0.000010
0.000010
0.000010
0.000010
0.000010
0.000010
0.000010
0.000010
0.000010
0.000010
0.000010
0.000010
0.000010
0.000010
0.000010
0.000010
0.000010
0.000010
0.000010
0.000010
0.000010
0.000010
0.000010
0.000010
0.000010
0.000010
0.000010
0.000010
0.000010
0.000010
0.000010
0.000010
0.000010
0.000010
0.000010
0.000010
0.000010
0.000010
0.000010
0.000010
0.000010
0.000010
0.000010
0.000010
0.000010
0.000010
0.000010
0.000010
0.000010
0.000010
0.000010
0.000010
0.000010
0.000010
0.000010
0.000010
0.000010
0.000010
0.000010
0.000010
0.000010
0.000010
0.000010
0.000010
0.000010
0.000010
0.000010
0.000010
0.000010
0.000010
0.000010
0.000010
0.000010
0.000010
0.000010
0.000010
0.000010
0.000010
0.000010
0.000010
0.000010
0.000010
0.000010
0.000010
0.000010
0.000010
0.000010
0.000010
0.000010
0.000010
0.000010
0.000010
0.000010
0.000010
0.000010
0.000010
0.000010
0.000010
0.000010
0.000010
0.000010
0.000010
0.000010
0.000010
0.000010
0.000010
0.000010
0.000010
0.000010
0.000010
0.000010
0.000010
0.000010
0.000010
0.000010
0.000010
0.000010
0.000010
0.000010
0.000010
0.000010
0.000010
0.000010
0.000010
0.000010
0.000010
0.000010
0.000010
0.000010
0.000010
0.000010
0.000010
0.000010
0.000010
0.000010
0.000010
0.000010
0.000010
0.000010
0.000010
0.000010
0.000010
0.000010
0.000010
0.000010
0.000010
0.000010
0.000010
0.000010
0.000010
0.000010
0.000010
0.000010
0.000010
0.000010
0.000010
0.000010
0.000010
0.000010
0.000010
0.000010
0.000010
0.000010
0.000010
0.000010
0.000010
0.000010
0.000010
0.000010
0.000010
0.000010
0.000010
0.000010
0.000010
0.000010
0.000010
0.000010
0.000010
0.000010
0.000010
0.000010
0.000010
0.000010
0.000010
0.000010
0.000010
0.000010
0.000010
0.000010
0.000010
0.000010
0.000010
0.000010
0.000010
0.000010
0.000010
0.000010
0.000010
0.000010
0.000010
0.000010
0.000010
0.000010
0.000010
0.000010
0.000010
0.000010
0.000010
0.000010
0.000010
0.000010
0.000010
0.000010
0.000010
0.000010
0.000010
0.000010
0.000010
0.000010
0.000010
0.000010
0.000010
0.000010
0.000010
0.000010
0.000010
0.000010
0.000010
0.000010
0.000010
0.000010
0.000010
0.000010
0.000010
0.000010
0.000010
0.000010
0.000010
0.000010
0.000010
0.000010
0.000010
0.000010
0.000010
0.000010
0.000010
0.000010
0.000010
0.000010
0.000010
0.000010
0.000010
0.000010
0.000010
0.000010
0.000010
0.000010
0.000010
0.000010
0.000010
0.000010
0.000010
0.000010
0.000010
0.000010
0.000010
0.000010
0.000010
0.000010
0.000010
0.000010
0.000010
0.000010
0.000010
0.000010
0.000010
0.000010
0.000010
0.000010
0.000010
0.000010
0.000010
0.000010
0.000010
0.000010
0.000010
0.000010
0.000010
0.000010
0.000010
0.000010
0.000010
0.000010
0.000010
0.000010
0.000010
0.000010
0.000010
0.000010
0.000010
0.000010
0.000010
0.000010
0.000010
0.000010
0.000010
0.000010
0.000010
0.000010
0.000010
0.000010
0.000010
0.000010
0.000010
0.000010
0.000010
0.000010
0.000010
0.000010
0.000010
0.000010
0.000010
0.000010
0.000010
0.000010
0.000010
0.000010
0.000000
0.000000
0.000000
0.000000
0.000000
0.000000
0.000000
0.000000
0.000000
0.000000
0.000000
0.000000
0.000000
0.000000
0.000000
0.000000
0.000000
0.000000
0.000000
0.000000
0.000000
0.000000
0.000000
0.000000
0.000000
0.000000
0.000000
0.000000
0.000000
0.000000
0.000000
0.000000
0.000000
0.000000
0.000000
0.000000
0.000000
0.000000
0.000000
0.000000
0.000000
0.000000
0.000000
0.000000
0.000000
0.000000
0.000000
0.000000
0.000000
0.000000
0.000000
0.000000
0.000000
0.000000
0.000000
0.000000
0.000000
0.000000
0.000000
0.000000
0.000000
0.000000
0.000000
0.000000
0.000000
0.000000
0.000000
0.000000
0.000000
0.000000
0.000000
0.000000
0.000000
0.000000
0.000000
0.000000
0.000000
0.000000
0.000000
0.000000
0.000000
0.000000
0.000000
0.000000
0.000000
0.000000
0.000000
0.000000
0.000000
0.000000
0.000000
0.000000
0.000000
0.000000
0.000000
0.000000
0.000000
0.000000
0.000000
0.000000
0.000000
0.000000
0.000000
0.000000
0.000000
0.000000
0.000000
0.000000
0.000000
0.000000
0.000000
0.000000
0.000000
0.000000
0.000000
0.000000
0.000000
0.000000
0.000000
0.000000
0.000000
0.000000
0.000000
0.000000
0.000000
0.000000
0.000000
0.000000
0.000000
0.000000
0.000000
0.000000
0.000000
0.000000
0.000000
0.000000
0.000000
0.000000
0.000000
0.000000
0.000000
0.000000
0.000000
0.000000
0.000000
0.000000
0.000000
0.000000
0.000000
0.000000
0.000000
0.000000
0.000000
0.000000
0.000000
0.000000
0.000000
0.000000
0.000000
0.000000
0.000000
0.000000
0.000000
0.000000
0.000000
0.000000
0.000000
0.000000
0.000000
0.000000
0.000000
0.000000
0.000000
0.000000
0.000000
0.000000
0.000000
0.000000
0.000000
0.000000
0.000000
0.000000
0.000000
0.000000
0.000000
0.000000
0.000000
0.000000
0.000000
0.000000
0.000000
0.000000
0.000000
0.000000
0.000000
0.000000
0.000000
0.000000
0.000000
0.000000
0.000000
0.000000
0.000000
0.000000
0.000000
0.000000
0.000000
0.000000
0.000000
0.000000
0.000000
0.000000
0.000000
0.000000
0.000000
0.000000
0.000000
0.000000
0.000000
0.000000
0.000000
0.000000
0.000000
0.000000
0.000000
0.000000
0.000000
0.000000
0.000000
0.000000
0.000000
0.000000
0.000000
0.000000
0.000000
0.000000
0.000000
0.000000
0.000000
0.000000
0.000000
0.000000
0.000000
0.000000
0.000000
0.000000
0.000000
0.000000
0.000000
0.000000
0.000000
0.000000
0.000000
0.000000
0.000000
0.000000
0.000000
0.000000
0.000000
0.000000
0.000000
0.000000
0.000000
0.000000
0.000000
0.000000
0.000000
0.000000
0.000000
0.000000
0.000000
0.000000
0.000000
0.000000
0.000000
0.000000
0.000000
0.000000
0.000000
0.000000
0.000000
0.000000
0.000000
0.000000
0.000000
0.000000
0.000000
0.000000
0.000000
0.000000
0.000000
0.000000
0.000000
0.000000
0.000000
0.000000
0.000000
0.000000
0.000000
0.000000
-0.000000
-0.000000
-0.000000
-0.000000
-0.000000
-0.000000
-0.000000
-0.000000
-0.000000
-0.000000
-0.000000
-0.000000
-0.000000
-0.000000
-0.000000
-0.000000
-0.000000
-0.000000
-0.000000
-0.000000
-0.000000
-0.000000
-0.000000
-0.000000
-0.000000
-0.000000
-0.000000
-0.000000
-0.000000
-0.000000
-0.000000
-0.000000
-0.000000
-0.000000
-0.000000
-0.000000
-0.000000
-0.000000
-0.000000
-0.000000
-0.000000
-0.000000
-0.000000
-0.000000
-0.000000
-0.000000
-0.000000
-0.000000
-0.000000
-0.000000
-0.000000
-0.000000
-0.000000
-0.000000
-0.000000
-0.000000
-0.000000
-0.000000
-0.000000
-0.000000
-0.000000
-0.000000
-0.000000
-0.000000
-0.000000
-0.000000
-0.000000
-0.000000
-0.000000
-0.000000
-0.000000
-0.000000
-0.000000
-0.000000
-0.000000
-0.000000
-0.000000
-0.000000
-0.000000
-0.000000
-0.000000
-0.000000
-0.000000
-0.000000
-0.000000
-0.000000
-0.000000
-0.000000
-0.000000
-0.000000
-0.000000
-0.000000
-0.000000
-0.000000
-0.000000
-0.000000
-0.000000
-0.000000
-0.000000
-0.000000
-0.000000
-0.000000
-0.000000
-0.000000
-0.000000
-0.000000
-0.000000
-0.000000
-0.000000
-0.000000
-0.000000
-0.000000
-0.000000
-0.000000
-0.000000
-0.000000
-0.000000
-0.000000
-0.000000
-0.000000
-0.000000
-0.000000
-0.000000
-0.000000
-0.000000
-0.000000
-0.000000
-0.000000
-0.000000
-0.000000
-0.000000
-0.000000
-0.000000
-0.000000
-0.000000
-0.000000
-0.000000
-0.000000
-0.000000
-0.000000
-0.000000
-0.000000
-0.000000
-0.000000
-0.000000
-0.000000
-0.000000
-0.000000
-0.000000
-0.000000
-0.000000
-0.000000
-0.000000
-0.000000
-0.000000
-0.000000
-0.000000
-0.000000
-0.000000
-0.000000
-0.000000
-0.000000
-0.000000
-0.000000
-0.000000
-0.000000
-0.000000
-0.000000
-0.000000
-0.000000
-0.000000
-0.000000
-0.000000
-0.000000
-0.000000
-0.000000
-0.000000
-0.000000
-0.000000
-0.000000
-0.000000
-0.000000
-0.000000
-0.000000
-0.000000
-0.000000
-0.000000
-0.000000
-0.000000
-0.000000
-0.000000
-0.000000
-0.000000
-0.000000
-0.000000
-0.000000
-0.000000
-0.000000
-0.000000
-0.000000
-0.000000
-0.000000
-0.000000
-0.000000
-0.000000
-0.000000
-0.000000
-0.000000
-0.000000
-0.000000
-0.000000
-0.000000
-0.000000
-0.000000
-0.000000
-0.000000
-0.000000
-0.000000
-0.000000
-0.000000
-0.000000
-0.000000
-0.000000
-0.000000
-0.000000
-0.000000
-0.000000
-0.000000
-0.000000
-0.000000
-0.000000
-0.000000
-0.000000
-0.000000
-0.000000
-0.000000
-0.000000
-0.000000
-0.000000
-0.000000
-0.000000
-0.000000
-0.000000
-0.000000
-0.000000
-0.000000
-0.000000
-0.000000
-0.000000
-0.000000
-0.000000
-0.000000
-0.000000
-0.000000
-0.000000
-0.000000
-0.000000
-0.000000
-0.000000
-0.000000
-0.000000
-0.000000
-0.000000
-0.000000
-0.000000
-0.000000
-0.000000
-0.000000
-0.000000
-0.000000
-0.000000
-0.000000
-0.000000
-0.000000
-0.000000
-0.000000
-0.000000
-0.000000
-0.000000
-0.000000
-0.000000
-0.000000
-0.000000
-0.000000
-0.000000
-0.000000
-0.000000
-0.000000
-0.000000
-0.000000
-0.000000
-0.000000
-0.000000
-0.000000
-0.000000
-0.000000
-0.000000
-0.000000
-0.000000
-0.000000
-0.000000
-0.000000
-0.000000
-0.000000
-0.000000
-0.000000
-0.000000
-0.000000
-0.000000
-0.000000
-0.000000
-0.000000
-0.000000
-0.000000
-0.000000
-0.000000
-0.000000
-0.000000
-0.000000
-0.000000
-0.000000
-0.000000
-0.000000
-0.000000
-0.000000
-0.000000
-0.000000
-0.000000
-0.000000
-0.000000
-0.000000
-0.000000
-0.000000
-0.000000
-0.000000
-0.000000
-0.000000
-0.000000
-0.000000
-0.000000
-0.000000
-0.000000
-0.000000
-0.000000
-0.000000
-0.000000
-0.000000
-0.000000
-0.000000
-0.000000
-0.000000
-0.000000
-0.000000
-0.000000
-0.000000
-0.000000
-0.000000
-0.000000
-0.000000
-0.000000
-0.000000
-0.000000
-0.000000
-0.000000
-0.000000
-0.000000
-0.000000
-0.000000
-0.000000
-0.000000
-0.000000
-0.000000
-0.000000
-0.000000
-0.000000
-0.000000
-0.000000
-0.000000
-0.000000
-0.000000
-0.000000
-0.000000
-0.000000
-0.000000
-0.000000
-0.000000
-0.000000
-0.000000
-0.000000
-0.000000
-0.000000
-0.000000
-0.000000
-0.000000
-0.000000
-0.000000
-0.000000
-0.000000
-0.000000
-0.000000
-0.000000
-0.000000
-0.000000
-0.000000
-0.000000
-0.000000
-0.000000
-0.000000
-0.000000
-0.000000
-0.000000
-0.000000
-0.000000
-0.000000
-0.000000
-0.000000
-0.000000
-0.000000
-0.000000
-0.000000
-0.000000
-0.000000
-0.000000
-0.000000
-0.000000
-0.000000
-0.000000
-0.000000
-0.000000
-0.000000
-0.000000
-0.000000
-0.000000
-0.000000
-0.000000
-0.000000
-0.000000
-0.000000
-0.000000
-0.000000
-0.000000
-0.000000
-0.000000
-0.000000
-0.000000
-0.000000
-0.000000
-0.000000
-0.000000
-0.000000
-0.000000
-0.000000
-0.000000
-0.000000
-0.000000
-0.000000
-0.000000
-0.000000
-0.000000
-0.000000
-0.000000
-0.000000
-0.000000
-0.000000
-0.000000
-0.000000
-0.000000
-0.000000
-0.000000
-0.000000
-0.000000
-0.000000
-0.000000
-0.000000
-0.000000
-0.000000
-0.000000
-0.000000
-0.000000
-0.000000
-0.000000
-0.000000
-0.000000
-0.000000
-0.000000
-0.000000
-0.000000
-0.000000
-0.000000
-0.000000
-0.000000
-0.000000
-0.000000
-0.000000
-0.000000
-0.000000
-0.000000
-0.000000
-0.000000
-0.000000
-0.000000
-0.000000
-0.000000
-0.000000
-0.000000
-0.000000
-0.000000
-0.000000
-0.000000
-0.000000
-0.000000
-0.000000
-0.000000
-0.000000
-0.000000
-0.000000
-0.000000
-0.000000
-0.000000
-0.000000
-0.000000
-0.000000
-0.000000
-0.000000
-0.000000
-0.000000
-0.000000
-0.000000
-0.000000
-0.000000
-0.000000
-0.000000
-0.000000
-0.000000
-0.000000
-0.000000
-0.000000
-0.000000
-0.000000
-0.000000
-0.000000
-0.000000
-0.000000
-0.000000
-0.000000
-0.000000
-0.000000
-0.000000
-0.000000
-0.000000
-0.000000
-0.000000
-0.000000
-0.000000
-0.000000
-0.000000
-0.000000
-0.000000
-0.000000
-0.000000
-0.000000
-0.000000
-0.000000
-0.000000
-0.000000
-0.000000
-0.000000
-0.000000
-0.000000
-0.000000
-0.000000
-0.000000
-0.000000
-0.000000
-0.000000
-0.000000
-0.000000
-0.000000
-0.000000
-0.000000
-0.000000
-0.000000
-0.000000
-0.000000
-0.000000
-0.000000
-0.000000
-0.000000
-0.000000
-0.000000
-0.000000
-0.000000
-0.000000
-0.000000
-0.000000
-0.000000
-0.000000
-0.000000
-0.000000
-0.000000
-0.000000
-0.000000
-0.000000
-0.000000
-0.000000
-0.000000
-0.000000
-0.000000
-0.000000
-0.000000
-0.000000
-0.000000
-0.000000
-0.000000
-0.000000
-0.000000
-0.000000
-0.000000
-0.000000
-0.000000
-0.000000
-0.000000
-0.000000
-0.000000
-0.000000
-0.000000
-0.000000
-0.000000
-0.000000
-0.000000
-0.000000
-0.000000
-0.000000
-0.000000
-0.000000
-0.000000
-0.000000
-0.000000
-0.000000
-0.000000
-0.000000
-0.000000
-0.000000
-0.000000
-0.000000
-0.000000
-0.000000
-0.000000
-0.000000
-0.000000
-0.000000
-0.000000
-0.000000
-0.000000
-0.000000
-0.000000
-0.000000
-0.000000
-0.000000
-0.000000
-0.000000
-0.000000
-0.000000
-0.000000
-0.000000
-0.000000
-0.000000
-0.000000
-0.000000
-0.000000
-0.000000
-0.000000
-0.000000
-0.000000
-0.000000
-0.000000
-0.000000
-0.000000
-0.000000
-0.000000
-0.000000
-0.000000
-0.000000
-0.000000
-0.000000
-0.000000
-0.000000
-0.000000
-0.000000
-0.000000
-0.000000
-0.000000
-0.000000
-0.000000
-0.000000
-0.000000
-0.000000
-0.000000
-0.000000
-0.000000
-0.000000
-0.000000
-0.000000
-0.000000
-0.000000
-0.000000
-0.000000
-0.000000
-0.000000
-0.000000
-0.000000
-0.000000
-0.000000
-0.000000
-0.000000
-0.000000
-0.000000
-0.000000
-0.000000
-0.000000
-0.000000
-0.000000
-0.000000
-0.000000
-0.000000
-0.000000
-0.000000
-0.000000
-0.000000
-0.000000
-0.000000
-0.000000
-0.000000
-0.000000
-0.000000
-0.000000
-0.000000
-0.000000
-0.000000
-0.000000
-0.000000
-0.000000
-0.000000
-0.000000
-0.000000
-0.000000
-0.000000
-0.000000
-0.000000
-0.000000
-0.000000
-0.000000
-0.000000
-0.000000
-0.000000
-0.000000
-0.000000
-0.000000
-0.000000
-0.000000
-0.000000
-0.000000
-0.000000
-0.000000
-0.000000
-0.000000
-0.000000
-0.000000
-0.000000
-0.000000
-0.000000
-0.000000
-0.000000
-0.000000
-0.000000
-0.000000
-0.000000
-0.000000
-0.000000
-0.000000
-0.000000
-0.000000
-0.000000
-0.000000
-0.000000
-0.000000
-0.000000
-0.000000
-0.000000
-0.000000
-0.000000
-0.000000
-0.000000
-0.000000
-0.000000
-0.000000
-0.000000
-0.000000
-0.000000
-0.000000
0.000000
0.000000
0.000000
0.000000
0.000000
0.000000
0.000000
0.000000
0.000000
0.000000
0.000000
0.000000
0.000000
0.000000
0.000000
0.000000
0.000000
0.000000
0.000000
0.000000
0.000000
0.000000
0.000000
0.000000
0.000000
0.000000
0.000000
0.000000
0.000000
0.000000
0.000000
0.000000
0.000000
0.000000
0.000000
0.000000
0.000000
0.000000
0.000000
0.000000
0.000000
0.000000
0.000000
0.000000
0.000000
0.000000
0.000000
0.000000
0.000000
0.000000
0.000000
0.000000
0.000000
0.000000
0.000000
0.000000
0.000000
0.000000
0.000000
0.000000
0.000000
0.000000
0.000000
0.000000
0.000000
0.000000
0.000000
0.000000
0.000000
0.000000
0.000000
0.000000
0.000000
0.000000
0.000000
0.000000
0.000000
0.000000
0.000000
0.000000
0.000000
0.000000
0.000000
0.000000
0.000000
0.000000
0.000000
0.000000
0.000000
0.000000
0.000000
0.000000
0.000000
0.000000
0.000000
0.000000
0.000000
0.000000
0.000000
0.000000
0.000000
0.000000
0.000000
0.000000
0.000000
0.000000
0.000000
0.000000
0.000000
0.000000
0.000000
0.000000
0.000000
0.000000
0.000000
0.000000
0.000000
0.000000
0.000000
0.000000
0.000000
0.000000
0.000000
0.000000
0.000000
0.000000
0.000000
0.000000
0.000000
0.000000
0.000000
0.000000
0.000000
0.000000
0.000000
0.000000
0.000000
0.000000
0.000000
0.000000
0.000000
0.000000
0.000000
0.000000
0.000000
0.000000
0.000000
0.000000
0.000000
0.000000
0.000000
0.000000
0.000000
0.000000
0.000000
0.000000
0.000000
0.000000
0.000000
0.000000
0.000000
0.000000
0.000000
0.000000
0.000000
0.000000
0.000000
0.000000
0.000000
0.000000
0.000000
0.000000
0.000000
0.000000
0.000000
0.000000
0.000000
0.000000
0.000000
0.000000
0.000000
0.000000
0.000000
0.000000
0.000000
0.000000
0.000000
0.000000
0.000000
0.000000
0.000000
0.000000
0.000000
0.000000
0.000000
0.000000
0.000000
0.000000
0.000000
0.000000
0.000000
0.000000
0.000000
0.000000
0.000000
0.000000
0.000000
0.000000
0.000000
0.000000
0.000000
0.000000
0.000000
0.000000
0.000000
0.000000
0.000000
0.000000
0.000000
0.000000
0.000000
0.000000
0.000000
0.000000
0.000000
0.000000
0.000000
0.000000
0.000000
0.000000
0.000000
0.000000
0.000000
0.000000
0.000000
0.000000
0.000000
0.000000
0.000000
0.000000
0.000000
0.000000
0.000000
0.000000
0.000000
0.000000
0.000000
0.000000
0.000000
0.000000
0.000000
0.000000
0.000000
0.000000
0.000000
0.000000
0.000000
0.000000
0.000000
0.000000
0.000000
0.000000
0.000000
0.000000
0.000000
0.000000
0.000000
0.000000
0.000000
0.000000
0.000000
0.000000
0.000000
0.000000
0.000000
0.000000
0.000000
0.000000
0.000000
0.000000
0.000000
0.000000
0.000000
0.000000
0.000000
0.000000
0.000000
0.000000
0.000000
0.000000
0.000000
0.000000
0.000000
0.000000
0.000000
0.000000
0.000000
0.000000
0.000000
0.000000
0.000000
0.000000
0.000000
0.000000
0.000000
0.000000
0.000000
0.000000
0.000000
0.000000
0.000000
0.000000
0.000000
0.000000
0.000000
0.000000
0.000000
0.000000
0.000000
0.000000
0.000000
0.000000
0.000000
0.000000
0.000000
0.000000
0.000000
0.000000
0.000000
0.000000
0.000000
0.000000
0.000000
0.000000
0.000000
0.000000
0.000000
0.000000
0.000000
0.000000
0.000000
0.000000
0.000000
0.000000
0.000000
0.000000
0.000000
0.000000
0.000000
0.000000
0.000000
0.000000
0.000000
0.000000
0.000000
0.000000
0.000000
0.000000
0.000000
0.000000
0.000000
0.000000
0.000000
0.000000
0.000000
0.000000
0.000000
0.000000
0.000000
0.000000
0.000000
0.000000
0.000000
0.000000
0.000000
0.000000
0.000000
0.000000
0.000000
0.000000
0.000000
0.000000
0.000000
0.000000
0.000000
0.000000
0.000000
0.000000
0.000000
0.000000
0.000000
0.000000
0.000000
0.000000
0.000000
0.000000
0.000000
0.000000
0.000000
0.000000
0.000000
0.000000
0.000000
0.000000
0.000000
0.000000
0.000000
0.000000
0.000000
0.000000
0.000000
0.000000
0.000000
0.000000
0.000000
0.000000
0.000000
0.000000
0.000000
0.000000
0.000000
0.000000
0.000000
0.000000
0.000000
0.000000
0.000000
0.000000
0.000000
0.000000
0.000000
0.000000
0.000000
0.000000
0.000000
0.000000
0.000000
0.000000
0.000000
0.000000
0.000000
0.000000
0.000000
0.000000
0.000000
0.000000
0.000000
0.000000
0.000000
0.000000
0.000000
0.000000
0.000000
0.000000
0.000000
0.000000
0.000000
0.000000
0.000000
0.000000
0.000000
0.000000
0.000000
0.000000
0.000000
0.000000
0.000000
0.000000
0.000000
0.000000
0.000000
0.000000
0.000000
0.000000
0.000000
0.000000
0.000000
0.000000
0.000000
0.000000
0.000000
0.000000
0.000000
0.000000
0.000000
0.000000
0.000000
0.000000
0.000000
0.000000
0.000000
0.000000
0.000000
0.000000
0.000000
0.000000
0.000000
0.000000
0.000000
0.000000
0.000000
0.000000
0.000000
0.000000
0.000000
0.000000
0.000000
0.000000
0.000000
0.000000
0.000000
0.000000
0.000000
0.000000
0.000000
0.000000
0.000000
0.000000
0.000000
0.000000
0.000000
0.000000
0.000000
0.000000
0.000000
0.000000
0.000000
0.000000
0.000000
0.000000
0.000000
0.000000
0.000000
0.000000
0.000000
0.000000
0.000000
0.000000
0.000000
0.000000
0.000000
0.000000
0.000000
0.000000
0.000000
0.000000
0.000000
0.000000
0.000000
0.000000
0.000000
0.000000
0.000000
0.000000
0.000000
0.000000
0.000000
0.000000
0.000000
0.000000
0.000000
0.000000
0.000000
0.000000
0.000000
0.000000
0.000000
0.000000
0.000000
0.000000
0.000000
0.000000
0.000000
0.000000
0.000000
0.000000
0.000000
0.000000
0.000000
0.000000
0.000000
0.000000
0.000000
0.000000
0.000000
0.000000
0.000000
0.000000
0.000000
0.000000
0.000000
0.000000
0.000000
0.000000
0.000000
0.000000
0.000000
0.000000
0.000000
0.000000
0.000000
0.000000
0.000000
0.000000
0.000000
0.000000
0.000000
0.000000
0.000000
0.000000
0.000000
0.000000
0.000000
0.000000
0.000000
0.000000
0.000000
0.000000
0.000000
0.000000
0.000000
0.000000
0.000000
0.000000
0.000000
0.000000
0.000000
0.000000
0.000000
0.000000
0.000000
0.000000
0.000000
0.000000
0.000000
0.000000
0.000000
0.000000
0.000000
0.000000
0.000000
0.000000
0.000000
0.000000
0.000000
0.000000
0.000000
0.000000
0.000000
0.000000
0.000000
0.000000
0.000000
0.000000
0.000000
0.000000
0.000000
0.000000
0.000000
0.000000
0.000000
0.000000
0.000000
0.000000
0.000000
0.000000
0.000000
0.000000
0.000000
0.000000
0.000000
0.000000
0.000000
0.000000
0.000000
0.000000
0.000000
0.000000
0.000000
0.000000
0.000000
0.000000
0.000000
0.000000
0.000000
0.000000
0.000000
0.000000
0.000000
0.000000
0.000000
0.000000
0.000000
0.000000
0.000000
0.000000
0.000000
0.000000
0.000000
0.000000
0.000000
0.000000
0.000000
0.000000
0.000000
0.000000
0.000000
0.000000
0.000000
0.000000
0.000000
0.000000
0.000000
0.000000
0.000000
0.000000
0.000000
0.000000
0.000000
0.000000
0.000000
0.000000
0.000000
0.000000
0.000000
0.000000
0.000000
0.000000
0.000000
0.000000
0.000000
0.000000
0.000000
0.000000
0.000000
0.000000
0.000000
0.000000
0.000000
0.000000
0.000000
0.000000
0.000000
0.000000
0.000000
0.000000
0.000000
0.000000
0.000000
0.000000
0.000000
0.000000
0.000000
0.000000
0.000000
0.000000
0.000000
0.000000
0.000000
0.000000
0.000000
0.000000
0.000000
0.000000
0.000000
0.000000
0.000000
0.000000
0.000000
0.000000
0.000000
0.000000
0.000000
0.000000
0.000000
0.000000
0.000000
0.000000
0.000000
0.000000
0.000000
0.000000
0.000000
0.000000
0.000000
0.000000
0.000000
0.000000
0.000000
0.000000
0.000000
0.000000
0.000000
0.000000
0.000000
0.000000
0.000000
0.000000
0.000000
0.000000
0.000000
0.000000
0.000000
0.000000
0.000000
0.000000
0.000000
0.000000
0.000000
0.000000
0.000000
0.000000
0.000000
0.000000
0.000000
0.000000
0.000000
0.000000
0.000000
0.000000
0.000000
0.000000
0.000000
0.000000
0.000000
0.000000
0.000000
0.000000
0.000000
0.000000
0.000000
0.000000
0.000000
0.000000
0.000000
0.000000
0.000000
0.000000
0.000000
0.000000
0.000000
0.000000
0.000000
0.000000
0.000000
0.000000
0.000000
0.000000
0.000000
0.000000
0.000000
0.000000
0.000000
0.000000
0.000000
0.000000
0.000000
0.000000
0.000000
0.000000
0.000000
0.000000
0.000000
0.000000
0.000000
0.000000
0.000000
0.000000
0.000000
0.000000
0.000000
0.000000
0.000000
0.000000
0.000000
0.000000
0.000000
0.000000
0.000000
0.000000
0.000000
0.000000
0.000000
0.000000
0.000000
0.000000
0.000000
0.000000
0.000000
0.000000
0.000000
0.000000
0.000000
0.000000
0.000000
0.000000
0.000000
0.000000
0.000000
0.000000
-0.000000
-0.000000
-0.000000
-0.000000
-0.000000
-0.000000
-0.000000
-0.000000
-0.000000
-0.000000
-0.000000
-0.000000
-0.000000
-0.000000
-0.000000
-0.000000
-0.000000
-0.000000
-0.000000
-0.000000
-0.000000
-0.000000
-0.000000
-0.000000
-0.000000
-0.000000
-0.000000
-0.000000
-0.000000
-0.000000
-0.000000
-0.000000
-0.000000
-0.000000
-0.000000
-0.000000
-0.000000
-0.000000
-0.000000
-0.000000
-0.000000
-0.000000
-0.000000
-0.000000
-0.000000
-0.000000
-0.000000
-0.000000
-0.000000
-0.000000
-0.000000
-0.000000
-0.000000
-0.000000
-0.000000
-0.000000
-0.000000
-0.000000
-0.000000
-0.000000
-0.000000
-0.000000
-0.000000
-0.000000
-0.000000
-0.000000
-0.000000
-0.000000
-0.000000
-0.000000
-0.000000
-0.000000
-0.000000
-0.000000
-0.000000
-0.000000
-0.000000
-0.000000
-0.000000
-0.000000
-0.000000
-0.000000
-0.000000
-0.000000
-0.000000
-0.000000
-0.000000
-0.000000
-0.000000
-0.000000
-0.000000
-0.000000
-0.000000
-0.000000
-0.000000
-0.000000
-0.000000
-0.000000
-0.000000
-0.000000
-0.000000
-0.000000
-0.000000
-0.000000
-0.000000
-0.000000
-0.000000
-0.000000
-0.000000
-0.000000
-0.000000
-0.000000
-0.000000
-0.000000
-0.000000
-0.000000
-0.000000
-0.000000
-0.000000
-0.000000
-0.000000
-0.000000
-0.000000
-0.000000
-0.000000
-0.000000
-0.000000
-0.000000
-0.000000
-0.000000
-0.000000
-0.000000
-0.000000
-0.000000
-0.000000
-0.000000
-0.000000
-0.000000
-0.000000
-0.000000
-0.000000
-0.000000
-0.000000
-0.000000
-0.000000
-0.000000
-0.000000
-0.000000
-0.000000
-0.000000
-0.000000
-0.000000
-0.000000
-0.000000
-0.000000
-0.000000
-0.000000
-0.000000
-0.000000
-0.000000
-0.000000
-0.000000
-0.000000
-0.000000
-0.000000
-0.000000
-0.000000
-0.000000
-0.000000
-0.000000
-0.000000
-0.000000
-0.000000
-0.000000
-0.000000
-0.000000
-0.000000
-0.000000
-0.000000
-0.000000
-0.000000
-0.000000
-0.000000
-0.000000
-0.000000
-0.000000
-0.000000
-0.000000
-0.000000
-0.000000
-0.000000
-0.000000
-0.000000
-0.000000
-0.000000
-0.000000
-0.000000
-0.000000
-0.000000
-0.000000
-0.000000
-0.000000
-0.000000
-0.000000
-0.000000
-0.000000
-0.000000
-0.000000
-0.000000
-0.000000
-0.000000
-0.000000
-0.000000
-0.000000
-0.000000
-0.000000
-0.000000
-0.000000
-0.000000
-0.000000
-0.000000
-0.000000
-0.000000
-0.000000
-0.000000
-0.000000
-0.000000
-0.000000
-0.000000
-0.000000
-0.000000
-0.000000
-0.000000
-0.000000
-0.000000
-0.000000
-0.000000
-0.000000
-0.000000
-0.000000
-0.000000
-0.000000
-0.000000
-0.000000
-0.000000
-0.000000
-0.000000
-0.000000
-0.000000
-0.000000
-0.000000
-0.000000
-0.000000
-0.000000
-0.000000
-0.000000
-0.000000
-0.000000
-0.000000
-0.000000
-0.000000
-0.000000
-0.000000
-0.000000
-0.000000
-0.000000
-0.000000
-0.000000
-0.000000
-0.000000
-0.000000
-0.000000
-0.000000
-0.000000
-0.000000
-0.000000
-0.000000
-0.000000
-0.000000
-0.000000
-0.000000
-0.000000
-0.000000
-0.000000
-0.000000
-0.000000
-0.000000
-0.000000
-0.000000
-0.000000
-0.000000
-0.000000
-0.000000
-0.000000
-0.000000
-0.000000
-0.000000
-0.000000
-0.000000
-0.000000
-0.000000
-0.000000
-0.000000
-0.000000
-0.000000
-0.000000
-0.000000
-0.000000
-0.000000
-0.000000
-0.000000
-0.000000
-0.000000
-0.000000
-0.000000
-0.000000
-0.000000
-0.000000
-0.000000
-0.000000
-0.000000
-0.000000
-0.000000
-0.000000
-0.000000
-0.000000
-0.000000
-0.000000
-0.000000
-0.000000
-0.000000
-0.000000
-0.000000
-0.000000
-0.000000
-0.000000
-0.000000
-0.000000
-0.000000
-0.000000
-0.000000
-0.000000
-0.000000
-0.000000
-0.000000
-0.000000
-0.000000
-0.000000
-0.000000
-0.000000
-0.000000
-0.000000
-0.000000
-0.000000
-0.000000
-0.000000
-0.000000
-0.000000
-0.000000
-0.000000
-0.000000
-0.000000
-0.000000
-0.000000
-0.000000
-0.000000
-0.000000
-0.000000
-0.000000
-0.000000
-0.000000
-0.000000
-0.000000
-0.000000
-0.000000
-0.000000
-0.000000
-0.000000
-0.000000
-0.000000
-0.000000
-0.000000
-0.000000
-0.000000
-0.000000
-0.000000
-0.000000
-0.000000
-0.000000
-0.000000
-0.000000
-0.000000
-0.000000
-0.000000
-0.000000
-0.000000
-0.000000
-0.000000
-0.000000
-0.000000
-0.000000
-0.000000
-0.000000
-0.000000
-0.000000
-0.000000
-0.000000
-0.000000
-0.000000
-0.000000
-0.000000
-0.000000
-0.000000
-0.000000
-0.000000
-0.000000
-0.000000
-0.000000
-0.000000
-0.000000
-0.000000
-0.000000
-0.000000
-0.000000
-0.000000
-0.000000
-0.000000
-0.000000
-0.000000
-0.000000
-0.000000
-0.000000
-0.000000
-0.000000
-0.000000
-0.000000
-0.000000
-0.000000
-0.000000
-0.000000
-0.000000
-0.000000
-0.000000
-0.000000
-0.000000
-0.000000
-0.000000
-0.000000
-0.000000
-0.000000
-0.000000
-0.000000
-0.000000
-0.000000
-0.000000
-0.000000
-0.000000
-0.000000
-0.000000
-0.000000
-0.000000
-0.000000
-0.000000
-0.000000
-0.000000
-0.000000
-0.000000
-0.000000
-0.000000
-0.000000
-0.000000
-0.000000
-0.000000
-0.000000
-0.000000
-0.000000
-0.000000
-0.000000
-0.000000
-0.000000
-0.000000
-0.000000
-0.000000
-0.000000
-0.000000
-0.000000
-0.000000
-0.000000
-0.000000
-0.000000
-0.000000
-0.000000
-0.000000
-0.000000
-0.000000
-0.000000
-0.000000
-0.000000
-0.000000
-0.000000
-0.000000
-0.000000
-0.000000
-0.000000
-0.000000
-0.000000
-0.000000
-0.000000
-0.000000
-0.000000
-0.000000
-0.000000
-0.000000
-0.000000
-0.000000
-0.000000
-0.000000
-0.000000
-0.000000
-0.000000
-0.000000
-0.000000
-0.000000
-0.000000
-0.000000
-0.000000
-0.000000
-0.000000
-0.000000
-0.000000
-0.000000
-0.000000
-0.000000
-0.000000
-0.000000
-0.000000
-0.000000
-0.000000
-0.000000
-0.000000
-0.000000
-0.000000
-0.000000
-0.000000
-0.000000
-0.000000
-0.000000
-0.000000
-0.000000
-0.000000
-0.000000
-0.000000
-0.000000
-0.000000
-0.000000
-0.000000
-0.000000
-0.000000
-0.000000
-0.000000
-0.000000
-0.000000
-0.000000
-0.000000
-0.000000
-0.000000
-0.000000
-0.000000
-0.000000
-0.000000
-0.000000
-0.000000
-0.000000
-0.000000
-0.000000
-0.000000
-0.000000
-0.000000
-0.000000
-0.000000
-0.000000
-0.000000
-0.000000
-0.000000
-0.000000
-0.000000
-0.000000
-0.000000
-0.000000
-0.000000
-0.000000
-0.000000
-0.000000
-0.000000
-0.000000
-0.000000
-0.000000
-0.000000
-0.000000
-0.000000
-0.000000
-0.000000
-0.000000
-0.000000
-0.000000
-0.000000
-0.000000
-0.000000
-0.000000
-0.000000
-0.000000
-0.000000
-0.000000
-0.000000
-0.000000
-0.000000
-0.000000
-0.000000
-0.000000
-0.000000
-0.000000
-0.000000
-0.000000
-0.000000
-0.000000
-0.000000
-0.000000
-0.000000
-0.000000
-0.000000
-0.000000
-0.000000
-0.000000
-0.000000
-0.000000
-0.000000
-0.000000
-0.000000
-0.000000
-0.000000
-0.000000
-0.000000
-0.000000
-0.000000
-0.000000
-0.000000
-0.000000
-0.000000
-0.000000
-0.000000
-0.000000
-0.000000
-0.000000
-0.000000
-0.000000
-0.000000
-0.000000
-0.000000
-0.000000
-0.000000
-0.000000
-0.000000
-0.000000
-0.000000
-0.000000
-0.000000
-0.000000
-0.000000
-0.000000
-0.000000
-0.000000
-0.000000
-0.000000
-0.000000
-0.000000
-0.000000
-0.000000
-0.000000
-0.000000
-0.000000
-0.000000
-0.000000
-0.000000
-0.000000
-0.000000
-0.000000
-0.000000
-0.000000
-0.000000
-0.000000
-0.000000
-0.000000
-0.000000
-0.000000
-0.000000
-0.000000
-0.000000
-0.000000
-0.000000
-0.000000
-0.000000
-0.000000
-0.000000
-0.000000
-0.000000
-0.000000
-0.000000
-0.000000
-0.000000
-0.000000
-0.000000
-0.000000
-0.000000
-0.000000
-0.000000
-0.000000
-0.000000
-0.000000
-0.000000
-0.000000
-0.000000
-0.000000
-0.000000
-0.000000
-0.000000
-0.000000
-0.000000
-0.000000
-0.000000
-0.000000
-0.000000
-0.000000
-0.000000
-0.000000
-0.000000
-0.000000
-0.000000
-0.000000
-0.000000
-0.000000
-0.000000
-0.000000
-0.000000
-0.000000
-0.000000
-0.000000
-0.000000
-0.000000
-0.000000
-0.000000
-0.000000
-0.000000
-0.000000
-0.000000
-0.000000
-0.000000
-0.000000
-0.000000
-0.000000
-0.000000
-0.000000
-0.000000
-0.000000
-0.000000
-0.000000
-0.000000
-0.000000
-0.000000
-0.000000
-0.000000
-0.000000
-0.000000
-0.000000
-0.000000
-0.000000
-0.000000
-0.000000
-0.000000
-0.000000
-0.000000
-0.000000
-0.000000
-0.000000
-0.000000
-0.000000
-0.000000
-0.000000
-0.000000
-0.000000
-0.000000
-0.000000
-0.000000
-0.000000
-0.000000
-0.000000
-0.000000
-0.000000
-0.000000
-0.000000
-0.000000
0.000000
0.000000
0.000000
0.000000
0.000000
0.000000
0.000000
0.000000
0.000000
0.000000
0.000000
0.000000
0.000000
0.000000
0.000000
0.000000
0.000000
0.000000
0.000000
0.000000
0.000000
0.000000
0.000000
0.000000
0.000000
0.000000
0.000000
0.000000
0.000000
0.000000
0.000000
0.000000
0.000000
0.000000
0.000000
0.000000
0.000000
0.000000
0.000000
0.000000
0.000000
0.000000
0.000000
0.000000
0.000000
0.000000
0.000000
0.000000
0.000000
0.000000
0.000000
0.000000
0.000000
0.000000
0.000000
0.000000
0.000000
0.000000
0.000000
0.000000
0.000000
0.000000
0.000000
0.000000
0.000000
0.000000
0.000000
0.000000
0.000000
0.000000
0.000000
0.000000
0.000000
0.000000
0.000000
0.000000
0.000000
0.000000
0.000000
0.000000
0.000000
0.000000
0.000000
0.000000
0.000000
0.000000
0.000000
0.000000
0.000000
0.000000
0.000000
0.000000
0.000000
0.000000
0.000000
0.000000
0.000000
0.000000
0.000000
0.000000
0.000000
0.000000
0.000000
0.000000
0.000000
0.000000
0.000000
0.000000
0.000000
0.000000
0.000000
0.000000
0.000000
0.000000
0.000000
0.000000
0.000000
0.000000
0.000000
0.000000
0.000000
0.000000
0.000000
0.000000
0.000000
0.000000
0.000000
0.000000
0.000000
0.000000
0.000000
0.000000
0.000000
0.000000
0.000000
0.000000
0.000000
0.000000
0.000000
0.000000
0.000000
0.000000
0.000000
0.000000
0.000000
0.000000
0.000000
0.000000
0.000000
0.000000
0.000000
0.000000
0.000000
0.000000
0.000000
0.000000
0.000000
0.000000
0.000000
0.000000
0.000000
0.000000
0.000000
0.000000
0.000000
0.000000
0.000000
0.000000
0.000000
0.000000
0.000000
0.000000
0.000000
0.000000
0.000000
0.000000
0.000000
0.000000
0.000000
0.000000
0.000000
0.000000
0.000000
0.000000
0.000000
0.000000
0.000000
0.000000
0.000000
0.000000
0.000000
0.000000
0.000000
0.000000
0.000000
0.000000
0.000000
0.000000
0.000000
0.000000
0.000000
0.000000
0.000000
0.000000
0.000000
0.000000
0.000000
0.000000
0.000000
0.000000
0.000000
0.000000
0.000000
0.000000
0.000000
0.000000
0.000000
0.000000
0.000000
0.000000
0.000000
0.000000
0.000000
0.000000
0.000000
0.000000
0.000000
0.000000
0.000000
0.000000
0.000000
0.000000
0.000000
0.000000
0.000000
0.000000
0.000000
0.000000
0.000000
0.000000
0.000000
0.000000
0.000000
0.000000
0.000000
0.000000
0.000000
0.000000
0.000000
0.000000
0.000000
0.000000
0.000000
0.000000
0.000000
0.000000
0.000000
0.000000
0.000000
0.000000
0.000000
0.000000
0.000000
0.000000
0.000000
0.000000
0.000000
0.000000
0.000000
0.000000
0.000000
0.000000
0.000000
0.000000
0.000000
0.000000
0.000000
0.000000
0.000000
0.000000
0.000000
0.000000
0.000000
0.000000
0.000000
0.000000
0.000000
0.000000
0.000000
0.000000
0.000000
0.000000
0.000000
0.000000
0.000000
0.000000
0.000000
0.000000
0.000000
0.000000
0.000000
0.000000
0.000000
0.000000
0.000000
0.000000
0.000000
0.000000
0.000000
0.000000
0.000000
0.000000
0.000000
0.000000
0.000000
0.000000
0.000000
0.000000
0.000000
0.000000
0.000000
0.000000
0.000000
0.000000
0.000000
0.000000
0.000000
0.000000
0.000000
0.000000
0.000000
0.000000
0.000000
0.000000
0.000000
0.000000
0.000000
0.000000
0.000000
0.000000
0.000000
0.000000
0.000000
0.000000
0.000000
0.000000
0.000000
0.000000
0.000000
0.000000
0.000000
0.000000
0.000000
0.000000
0.000000
0.000000
0.000000
0.000000
0.000000
0.000000
0.000000
0.000000
0.000000
0.000000
0.000000
0.000000
0.000000
0.000000
0.000000
0.000000
0.000000
0.000000
0.000000
0.000000
0.000000
0.000000
0.000000
0.000000
0.000000
0.000000
0.000000
0.000000
0.000000
0.000000
0.000000
0.000000
0.000000
0.000000
0.000000
0.000000
0.000000
0.000000
0.000000
0.000000
0.000000
0.000000
0.000000
0.000000
0.000000
0.000000
0.000000
0.000000
0.000000
0.000000
0.000000
0.000000
0.000000
0.000000
0.000000
0.000000
0.000000
0.000000
0.000000
0.000000
0.000000
0.000000
0.000000
0.000000
0.000000
0.000000
0.000000
0.000000
0.000000
0.000000
0.000000
0.000000
0.000000
0.000000
0.000000
0.000000
0.000000
0.000000
0.000000
0.000000
0.000000
0.000000
0.000000
0.000000
0.000000
0.000000
0.000000
0.000000
0.000000
0.000000
0.000000
0.000000
0.000000
0.000000
0.000000
0.000000
0.000000
0.000000
0.000000
0.000000
0.000000
0.000000
0.000000
0.000000
0.000000
0.000000
0.000000
0.000000
0.000000
0.000000
0.000000
0.000000
0.000000
0.000000
0.000000
0.000000
0.000000
0.000000
0.000000
0.000000
0.000000
0.000000
0.000000
0.000000
0.000000
0.000000
0.000000
0.000000
0.000000
0.000000
0.000000
0.000000
0.000000
0.000000
0.000000
0.000000
0.000000
0.000000
0.000000
0.000000
0.000000
0.000000
0.000000
0.000000
0.000000
0.000000
0.000000
0.000000
0.000000
0.000000
0.000000
0.000000
0.000000
0.000000
0.000000
0.000000
0.000000
0.000000
0.000000
0.000000
0.000000
0.000000
0.000000
0.000000
0.000000
0.000000
0.000000
0.000000
0.000000
0.000000
0.000000
0.000000
0.000000
0.000000
0.000000
0.000000
0.000000
0.000000
0.000000
0.000000
0.000000
0.000000
0.000000
0.000000
0.000000
0.000000
0.000000
0.000000
0.000000
0.000000
0.000000
0.000000
0.000000
0.000000
0.000000
0.000000
0.000000
0.000000
0.000000
0.000000
0.000000
0.000000
0.000000
0.000000
0.000000
0.000000
0.000000
0.000000
0.000000
0.000000
0.000000
0.000000
0.000000
0.000000
0.000000
0.000000
0.000000
0.000000
0.000000
0.000000
0.000000
0.000000
0.000000
0.000000
0.000000
0.000000
0.000000
0.000000
0.000000
0.000000
0.000000
0.000000
0.000000
0.000000
0.000000
0.000000
0.000000
0.000000
0.000000
0.000000
0.000000
0.000000
0.000000
0.000000
0.000000
0.000000
0.000000
0.000000
0.000000
0.000000
0.000000
0.000000
0.000000
0.000000
0.000000
0.000000
0.000000
0.000000
0.000000
0.000000
0.000000
0.000000
0.000000
0.000000
0.000000
0.000000
0.000000
0.000000
0.000000
0.000000
0.000000
0.000000
0.000000
0.000000
0.000000
0.000000
0.000000
0.000000
0.000000
0.000000
0.000000
0.000000
0.000000
0.000000
0.000000
0.000000
0.000000
0.000000
0.000000
0.000000
0.000000
0.000000
0.000000
0.000000
0.000000
0.000000
0.000000
0.000000
0.000000
0.000000
0.000000
0.000000
0.000000
0.000000
0.000000
0.000000
0.000000
0.000000
0.000000
0.000000
0.000000
0.000000
0.000000
0.000000
0.000000
0.000000
0.000000
0.000000
0.000000
0.000000
0.000000
0.000000
0.000000
0.000000
0.000000
0.000000
0.000000
0.000000
0.000000
0.000000
0.000000
0.000000
0.000000
0.000000
0.000000
0.000000
0.000000
0.000000
0.000000
0.000000
0.000000
0.000000
0.000000
0.000000
0.000000
0.000000
0.000000
0.000000
0.000000
0.000000
0.000000
0.000000
0.000000
0.000000
0.000000
0.000000
0.000000
0.000000
0.000000
0.000000
0.000000
0.000000
0.000000
0.000000
0.000000
0.000000
0.000000
0.000000
0.000000
0.000000
0.000000
0.000000
0.000000
0.000000
0.000000
0.000000
0.000000
0.000000
0.000000
0.000000
0.000000
0.000000
0.000000
0.000000
0.000000
0.000000
0.000000
0.000000
0.000000
0.000000
0.000000
0.000000
0.000000
0.000000
0.000000
0.000000
0.000000
0.000000
0.000000
0.000000
0.000000
0.000000
0.000000
0.000000
0.000000
0.000000
0.000000
0.000000
0.000000
0.000000
0.000000
0.000000
0.000000
0.000000
0.000000
0.000000
0.000000
0.000000
0.000000
0.000000
0.000000
0.000000
0.000000
0.000000
0.000000
0.000000
0.000000
0.000000
0.000000
0.000000
0.000000
0.000000
0.000000
0.000000
0.000000
0.000000
0.000000
0.000000
0.000000
0.000000
0.000000
0.000000
0.000000
0.000000
0.000000
0.000000
-0.000000
-0.000000
-0.000000
-0.000000
-0.000000
-0.000000
-0.000000
-0.000000
-0.000000
-0.000000
-0.000000
-0.000000
-0.000000
-0.000000
-0.000000
-0.000000
-0.000000
-0.000000
-0.000000
-0.000000
-0.000000
-0.000000
-0.000000
-0.000000
-0.000000
-0.000000
-0.000000
-0.000000
-0.000000
-0.000000
-0.000000
-0.000000
-0.000000
-0.000000
-0.000000
-0.000000
-0.000000
-0.000000
-0.000000
-0.000000
-0.000000
-0.000000
-0.000000
-0.000000
-0.000000
-0.000000
-0.000000
-0.000000
-0.000000
-0.000000
-0.000000
-0.000000
-0.000000
-0.000000
-0.000000
-0.000000
-0.000000
-0.000000
-0.000000
-0.000000
-0.000000
-0.000000
-0.000000
-0.000000
-0.000000
-0.000000
-0.000000
-0.000000
-0.000000
-0.000000
-0.000000
-0.000000
-0.000000
-0.000000
-0.000000
-0.000000
-0.000000
-0.000000
-0.000000
-0.000000
-0.000000
-0.000000
-0.000000
-0.000000
-0.000000
-0.000000
-0.000000
-0.000000
-0.000000
-0.000000
-0.000000
-0.000000
-0.000000
-0.000000
-0.000000
-0.000000
-0.000000
-0.000000
-0.000000
-0.000000
-0.000000
-0.000000
-0.000000
-0.000000
-0.000000
-0.000000
-0.000000
-0.000000
-0.000000
-0.000000
-0.000000
-0.000000
-0.000000
-0.000000
-0.000000
-0.000000
-0.000000
-0.000000
-0.000000
-0.000000
-0.000000
-0.000000
-0.000000
-0.000000
-0.000000
-0.000000
-0.000000
-0.000000
-0.000000
-0.000000
-0.000000
-0.000000
-0.000000
-0.000000
-0.000000
-0.000000
-0.000000
-0.000000
-0.000000
-0.000000
-0.000000
-0.000000
-0.000000
-0.000000
-0.000000
-0.000000
-0.000000
-0.000000
-0.000000
-0.000000
-0.000000
-0.000000
-0.000000
-0.000000
-0.000000
-0.000000
-0.000000
-0.000000
-0.000000
-0.000000
-0.000000
-0.000000
-0.000000
-0.000000
-0.000000
-0.000000
-0.000000
-0.000000
-0.000000
-0.000000
-0.000000
-0.000000
-0.000000
-0.000000
-0.000000
-0.000000
-0.000000
-0.000000
-0.000000
-0.000000
-0.000000
-0.000000
-0.000000
-0.000000
-0.000000
-0.000000
-0.000000
-0.000000
-0.000000
-0.000000
-0.000000
-0.000000
-0.000000
-0.000000
-0.000000
-0.000000
-0.000000
-0.000000
-0.000000
-0.000000
-0.000000
-0.000000
-0.000000
-0.000000
-0.000000
-0.000000
-0.000000
-0.000000
-0.000000
-0.000000
-0.000000
-0.000000
-0.000000
-0.000000
-0.000000
-0.000000
-0.000000
-0.000000
-0.000000
-0.000000
-0.000000
-0.000000
-0.000000
-0.000000
-0.000000
-0.000000
-0.000000
-0.000000
-0.000000
-0.000000
-0.000000
-0.000000
-0.000000
-0.000000
-0.000000
-0.000000
-0.000000
-0.000000
-0.000000
-0.000000
-0.000000
-0.000000
-0.000000
-0.000000
-0.000000
-0.000000
-0.000000
-0.000000
-0.000000
-0.000000
-0.000000
-0.000000
-0.000000
-0.000000
-0.000000
-0.000000
-0.000000
-0.000000
-0.000000
-0.000000
-0.000000
-0.000000
-0.000000
-0.000000
-0.000000
-0.000000
-0.000000
-0.000000
-0.000000
-0.000000
-0.000000
-0.000000
-0.000000
-0.000000
-0.000000
-0.000000
-0.000000
-0.000000
-0.000000
-0.000000
-0.000000
-0.000000
-0.000000
-0.000000
-0.000000
-0.000000
-0.000000
-0.000000
-0.000000
-0.000000
-0.000000
-0.000000
-0.000000
-0.000000
-0.000000
-0.000000
-0.000000
-0.000000
-0.000000
-0.000000
-0.000000
-0.000000
-0.000000
-0.000000
-0.000000
-0.000000
-0.000000
-0.000000
-0.000000
-0.000000
-0.000000
-0.000000
-0.000000
-0.000000
-0.000000
-0.000000
-0.000000
-0.000000
-0.000000
-0.000000
-0.000000
-0.000000
-0.000000
-0.000000
-0.000000
-0.000000
-0.000000
-0.000000
-0.000000
-0.000000
-0.000000
-0.000000
-0.000000
-0.000000
-0.000000
-0.000000
-0.000000
-0.000000
-0.000000
-0.000000
-0.000000
-0.000000
-0.000000
-0.000000
-0.000000
-0.000000
-0.000000
-0.000000
-0.000000
-0.000000
-0.000000
-0.000000
-0.000000
-0.000000
-0.000000
-0.000000
-0.000000
-0.000000
-0.000000
-0.000000
-0.000000
-0.000000
-0.000000
-0.000000
-0.000000
-0.000000
-0.000000
-0.000000
-0.000000
-0.000000
-0.000000
-0.000000
-0.000000
-0.000000
-0.000000
-0.000000
-0.000000
-0.000000
-0.000000
-0.000000
-0.000000
-0.000000
-0.000000
-0.000000
-0.000000
-0.000000
-0.000000
-0.000000
-0.000000
-0.000000
-0.000000
-0.000000
-0.000000
-0.000000
-0.000000
-0.000000
-0.000000
-0.000000
-0.000000
-0.000000
-0.000000
-0.000000
-0.000000
-0.000000
-0.000000
-0.000000
-0.000000
-0.000000
-0.000000
-0.000000
-0.000000
-0.000000
-0.000000
-0.000000
-0.000000
-0.000000
-0.000000
-0.000000
-0.000000
-0.000000
-0.000000
-0.000000
-0.000000
-0.000000
-0.000000
-0.000000
-0.000000
-0.000000
-0.000000
-0.000000
-0.000000
-0.000000
-0.000000
-0.000000
-0.000000
-0.000000
-0.000000
-0.000000
-0.000000
-0.000000
-0.000000
-0.000000
-0.000000
-0.000000
-0.000000
-0.000000
-0.000000
-0.000000
-0.000000
-0.000000
-0.000000
-0.000000
-0.000000
-0.000000
-0.000000
-0.000000
-0.000000
-0.000000
-0.000000
-0.000000
-0.000000
-0.000000
-0.000000
-0.000000
-0.000000
-0.000000
-0.000000
-0.000000
-0.000000
-0.000000
-0.000000
-0.000000
-0.000000
-0.000000
-0.000000
-0.000000
-0.000000
-0.000000
-0.000000
-0.000000
-0.000000
-0.000000
-0.000000
-0.000000
-0.000000
-0.000000
-0.000000
-0.000000
-0.000000
-0.000000
-0.000000
-0.000000
-0.000000
-0.000000
-0.000000
-0.000000
-0.000000
-0.000000
-0.000000
-0.000000
-0.000000
-0.000000
-0.000000
-0.000000
-0.000000
-0.000000
-0.000000
-0.000000
-0.000000
-0.000000
-0.000000
-0.000000
-0.000000
-0.000000
-0.000000
-0.000000
-0.000000
-0.000000
-0.000000
-0.000000
-0.000000
-0.000000
-0.000000
-0.000000
-0.000000
-0.000000
-0.000000
-0.000000
-0.000000
-0.000000
-0.000000
-0.000000
-0.000000
-0.000000
-0.000000
-0.000000
-0.000000
-0.000000
-0.000000
-0.000000
-0.000000
-0.000000
-0.000000
-0.000000
-0.000000
-0.000000
-0.000000
-0.000000
-0.000000
-0.000000
-0.000000
-0.000000
-0.000000
-0.000000
-0.000000
-0.000000
-0.000000
-0.000000
-0.000000
-0.000000
-0.000000
-0.000000
-0.000000
-0.000000
-0.000000
-0.000000
-0.000000
-0.000000
-0.000000
-0.000000
-0.000000
-0.000000
-0.000000
-0.000000
-0.000000
-0.000000
-0.000000
-0.000000
-0.000000
-0.000000
-0.000000
-0.000000
-0.000000
-0.000000
-0.000000
-0.000000
-0.000000
-0.000000
-0.000000
-0.000000
-0.000000
-0.000000
-0.000000
-0.000000
-0.000000
-0.000000
-0.000000
-0.000000
-0.000000
-0.000000
-0.000000
-0.000000
-0.000000
-0.000000
-0.000000
-0.000000
-0.000000
-0.000000
-0.000000
-0.000000
-0.000000
-0.000000
-0.000000
-0.000000
-0.000000
-0.000000
-0.000000
-0.000000
-0.000000
-0.000000
-0.000000
-0.000000
-0.000000
-0.000000
-0.000000
-0.000000
-0.000000
-0.000000
-0.000000
-0.000000
-0.000000
-0.000000
-0.000000
-0.000000
-0.000000
-0.000000
-0.000000
-0.000000
-0.000000
-0.000000
-0.000000
-0.000000
-0.000000
-0.000000
-0.000000
-0.000000
-0.000000
-0.000000
-0.000000
-0.000000
-0.000000
-0.000000
-0.000000
-0.000000
-0.000000
-0.000000
-0.000000
-0.000000
-0.000000
-0.000000
-0.000000
-0.000000
-0.000000
-0.000000
-0.000000
-0.000000
-0.000000
-0.000000
-0.000000
-0.000000
-0.000000
-0.000000
-0.000000
-0.000000
-0.000000
-0.000000
-0.000000
-0.000000
-0.000000
-0.000000
-0.000000
-0.000000
-0.000000
-0.000000
-0.000000
-0.000000
-0.000000
-0.000000
-0.000000
-0.000000
-0.000000
-0.000000
-0.000000
-0.000000
-0.000000
-0.000000
-0.000000
-0.000000
-0.000000
-0.000000
-0.000000
-0.000000
-0.000000
-0.000000
-0.000000
-0.000000
-0.000000
-0.000000
-0.000000
-0.000000
-0.000000
-0.000000
-0.000000
-0.000000
-0.000000
-0.000000
-0.000000
-0.000000
-0.000000
-0.000000
-0.000000
-0.000000
-0.000000
-0.000000
-0.000000
-0.000000
-0.000000
-0.000000
-0.000000
-0.000000
-0.000000
-0.000000
-0.000000
-0.000000
-0.000000
-0.000000
-0.000000
-0.000000
-0.000000
-0.000000
-0.000000
-0.000000
-0.000000
-0.000000
-0.000000
-0.000000
-0.000000
-0.000000
-0.000000
-0.000000
-0.000000
-0.000000
-0.000000
-0.000000
-0.000000
-0.000000
-0.000000
-0.000000
-0.000000
-0.000000
-0.000000
-0.000000
-0.000000
-0.000000
-0.000000
-0.000000
-0.000000
-0.000000
-0.000000
-0.000000
-0.000000
-0.000000
-0.000000
-0.000000
-0.000000
-0.000000
-0.000000
-0.000000
-0.000000
-0.000000
-0.000000
-0.000000
-0.000000
-0.000000
-0.000000
-0.000000
-0.000000
-0.000000
-0.000000
-0.000000
-0.000000
-0.000000
-0.000000
-0.000000
-0.000000
-0.000000
-0.000000
-0.000000
-0.000000
-0.000000
0.000000
0.000000
0.000000
0.000000
0.000000
0.000000
0.000000
0.000000
0.000000
0.000000
0.000000
0.000000
0.000000
0.000000
0.000000
0.000000
0.000000
0.000000
0.000000
0.000000
0.000000
0.000000
0.000000
0.000000
0.000000
0.000000
0.000000
0.000000
0.000000
0.000000
0.000000
0.000000
0.000000
0.000000
0.000000
0.000000
0.000000
0.000000
0.000000
0.000000
0.000000
0.000000
0.000000
0.000000
0.000000
0.000000
0.000000
0.000000
0.000000
0.000000
0.000000
0.000000
0.000000
0.000000
0.000000
0.000000
0.000000
0.000000
0.000000
0.000000
0.000000
0.000000
0.000000
0.000000
0.000000
0.000000
0.000000
0.000000
0.000000
0.000000
0.000000
0.000000
0.000000
0.000000
0.000000
0.000000
0.000000
0.000000
0.000000
0.000000
0.000000
0.000000
0.000000
0.000000
0.000000
0.000000
0.000000
0.000000
0.000000
0.000000
0.000000
0.000000
0.000000
0.000000
0.000000
0.000000
0.000000
0.000000
0.000000
0.000000
0.000000
0.000000
0.000000
0.000000
0.000000
0.000000
0.000000
0.000000
0.000000
0.000000
0.000000
0.000000
0.000000
0.000000
0.000000
0.000000
0.000000
0.000000
0.000000
0.000000
0.000000
0.000000
0.000000
0.000000
0.000000
0.000000
0.000000
0.000000
0.000000
0.000000
0.000000
0.000000
0.000000
0.000000
0.000000
0.000000
0.000000
0.000000
0.000000
0.000000
0.000000
0.000000
0.000000
0.000000
0.000000
0.000000
0.000000
0.000000
0.000000
0.000000
0.000000
0.000000
0.000000
0.000000
0.000000
0.000000
0.000000
0.000000
0.000000
0.000000
0.000000
0.000000
0.000000
0.000000
0.000000
0.000000
0.000000
0.000000
0.000000
0.000000
0.000000
0.000000
0.000000
0.000000
0.000000
0.000000
0.000000
0.000000
0.000000
0.000000
0.000000
0.000000
0.000000
0.000000
0.000000
0.000000
0.000000
0.000000
0.000000
0.000000
0.000000
0.000000
0.000000
0.000000
0.000000
0.000000
0.000000
0.000000
0.000000
0.000000
0.000000
0.000000
0.000000
0.000000
0.000000
0.000000
0.000000
0.000000
0.000000
0.000000
0.000000
0.000000
0.000000
0.000000
0.000000
0.000000
0.000000
0.000000
0.000000
0.000000
0.000000
0.000000
0.000000
0.000000
0.000000
0.000000
0.000000
0.000000
0.000000
0.000000
0.000000
0.000000
0.000000
0.000000
0.000000
0.000000
0.000000
0.000000
0.000000
0.000000
0.000000
0.000000
0.000000
0.000000
0.000000
0.000000
0.000000
0.000000
0.000000
0.000000
0.000000
0.000000
0.000000
0.000000
0.000000
0.000000
0.000000
0.000000
0.000000
0.000000
0.000000
0.000000
0.000000
0.000000
0.000000
0.000000
0.000000
0.000000
0.000000
0.000000
0.000000
0.000000
0.000000
0.000000
0.000000
0.000000
0.000000
0.000000
0.000000
0.000000
0.000000
0.000000
0.000000
0.000000
0.000000
0.000000
0.000000
0.000000
0.000000
0.000000
0.000000
0.000000
0.000000
0.000000
0.000000
0.000000
0.000000
0.000000
0.000000
0.000000
0.000000
