-25.000000
-25.000000
-25.000000
-25.000000
-25.000000
-25.000000
-25.000000
-25.000000
-25.000000
-25.000000
-25.000000
-25.000000
-25.000000
-25.000000
-25.000000
-25.000000
-25.000000
-25.000000
-25.000000
-25.000000
-25.000000
-25.000000
-25.000000
-25.000000
-25.000000
-25.000000
-25.000000
-25.000000
-25.000000
-25.000000
-25.000000
-25.000000
-25.000000
-25.000000
-25.000000
-25.000000
-25.000000
-25.000000
-25.000000
-25.000000
-25.000000
-25.000000
-25.000000
-25.000000
-25.000000
-25.000000
-25.000000
-25.000000
-25.000000
-25.000000
-25.000000
-25.000000
-25.000000
-25.000000
-25.000000
-25.000000
-25.000000
-25.000000
-25.000000
-25.000000
-25.000000
-25.000000
-25.000000
-25.000000
-24.844460
-24.567050
-24.289020
-24.010370
-23.740510
-23.486110
-23.230850
-22.952900
-22.670690
-22.387670
-22.103800
-21.819070
-21.533460
-21.261990
-21.000550
-20.738000
-20.452160
-20.161740
-19.870310
-19.577850
-19.284360
-18.989820
-18.712810
-18.442500
-18.170930
-17.877450
-17.577340
-17.276130
-16.973810
-16.670390
-16.365880
-16.080140
-15.800110
-15.518760
-15.219050
-14.908760
-14.597390
-14.284970
-13.971500
-13.657000
-13.360250
-13.070690
-12.779900
-12.476640
-12.156770
-11.835970
-11.514290
-11.191740
-10.868360
-10.559200
-10.261440
-9.962660
-9.659830
-9.332080
-9.003690
-8.674680
-8.345120
-8.015030
-7.692920
-7.389370
-7.085100
-6.780170
-6.455180
-6.122020
-5.788640
-5.455110
-5.121480
-4.787790
-4.480600
-4.174290
-3.867740
-3.555170
-3.220950
-2.886990
-2.553370
-2.220130
-1.887350
-1.568650
-1.264500
-0.960580
-0.656960
-0.337270
-0.007150
0.322090
0.650400
0.977710
1.303950
1.604350
1.900880
2.196600
2.491440
2.808830
3.128880
3.447430
3.764400
4.079730
4.389400
4.673580
4.956390
5.237810
5.517770
5.822680
6.126560
6.428300
6.727840
7.025110
7.313760
7.578750
7.841810
8.102890
8.361970
8.643820
8.925650
9.204750
9.481050
9.754500
10.021680
10.261740
10.499360
10.734490
10.967100
11.215170
11.469600
11.720760
11.968610
12.213090
12.454150
12.669750
12.876850
13.081040
13.282270
13.485780
13.708210
13.926920
14.141880
14.353030
14.560330
14.757460
14.929720
15.098710
15.264420
15.426820
15.598940
15.781570
15.960090
16.134460
16.304640
16.470590
16.622070
16.752450
16.879290
17.002590
17.122320
17.251670
17.391150
17.526220
17.656840
17.782990
17.904650
18.016490
18.101890
18.183590
18.261590
18.335890
18.411210
18.505380
18.594920
18.679820
18.760050
18.835600
18.906430
18.954930
18.989390
19.020100
19.047070
19.070300
19.104060
19.147110
19.185380
19.218850
19.247520
19.271360
19.290350
19.285760
19.267790
19.246140
19.220810
19.191820
19.173090
19.164800
19.151630
19.133560
19.110580
19.082670
19.049820
19.004970
18.933500
18.858520
18.780040
18.698100
18.616020
18.557170
18.493330
18.424490
18.350620
18.271700
18.187710
18.098620
17.993170
17.863330
17.730320
17.594190
17.454980
17.328890
17.215910
17.097690
16.974210
16.845410
16.711250
16.571670
16.426620
16.270040
16.078220
15.883910
15.687190
15.488150
15.326020
15.159940
14.987880
14.809710
14.625280
14.434430
14.236960
14.032670
13.810690
13.543470
13.275850
13.029360
12.821990
12.606110
12.381120
12.146240
11.900510
11.642680
11.371050
11.066710
10.680750
10.442150
10.178880
9.882310
9.537010
9.111370
9.068380
9.148450
9.227810
9.306460
9.384390
9.461610
9.538100
9.613860
9.688900
9.763210
9.836780
9.909620
9.981710
10.053070
10.123680
10.193550
10.262680
10.331050
10.398680
10.465550
10.531670
10.597040
10.661650
10.725510
10.788610
10.850950
10.912530
10.973360
11.033420
11.092730
11.151270
11.209050
11.266080
11.322340
11.377840
11.432580
11.486570
11.539790
11.592250
11.643960
11.694910
11.745100
11.794530
11.843210
11.891130
11.938300
11.984720
12.030390
12.075300
12.119470
12.162890
12.205570
12.247500
12.288700
12.329150
12.368860
12.407830
12.446080
12.483590
12.520360
12.556410
12.591740
12.626340
12.660220
12.693380
12.725820
12.757550
12.788570
12.818880
12.848480
12.877380
12.905580
12.933080
12.959890
12.986010
13.011440
13.036180
13.060240
13.083620
13.106320
13.128350
13.149720
13.170410
13.190450
13.209820
13.228540
13.246610
13.264030
13.280800
13.296930
13.312430
13.327290
13.341520
13.355130
13.368110
13.380470
13.392220
13.403360
13.413890
13.423820
13.433150
13.441890
13.450030
13.457590
13.464570
13.470970
13.476790
13.482050
13.486740
13.490860
13.494440
13.497460
13.499930
13.501850
13.503240
13.504100
13.504420
13.504210
13.503490
13.502250
13.500490
13.498230
13.495460
13.492200
13.488440
13.484190
13.479450
13.474240
13.468540
13.462380
13.455750
13.448660
13.441110
13.433110
13.424650
13.415760
13.406430
13.396660
13.386460
13.375840
13.364800
13.353340
13.341470
13.329200
13.316530
13.303460
13.289990
13.276140
13.261910
13.247300
13.232320
13.216970
13.201260
13.185180
13.168760
13.151980
13.134860
13.117400
13.099610
13.081480
13.063030
13.044260
13.025170
13.005770
12.986060
12.966050
12.945750
12.925150
12.904260
12.883080
12.861630
12.839900
12.817910
12.795640
12.773120
12.750340
12.727300
12.704020
12.680500
12.656740
12.632740
12.608510
12.584060
12.559390
12.534500
12.509390
12.484080
12.458570
12.432860
12.406950
12.380850
12.354570
12.328100
12.301450
12.274630
12.247640
12.220490
12.193170
12.165690
12.138070
12.110290
12.082370
12.054300
12.026100
11.997760
11.969300
11.940710
11.911990
11.883160
11.854220
11.825160
11.796000
11.766730
11.737370
11.707900
11.678350
11.648710
11.618980
11.589170
11.559280
11.529320
11.499290
11.469190
11.439020
11.408790
11.378510
11.348170
11.317780
11.287340
11.256860
11.226340
11.195770
11.165180
11.134550
11.103890
11.073200
11.042490
11.011760
10.981010
10.950250
10.919470
10.888690
10.857900
10.827100
10.796310
10.765510
10.734720
10.703940
10.673170
10.642400
10.611660
10.580930
10.550210
10.519520
10.488860
10.458220
10.427600
10.397020
10.366470
10.335960
10.305480
10.275040
10.244650
10.214290
10.183990
10.153720
10.123510
10.093350
10.063240
10.033190
10.003190
9.973260
9.943380
9.913560
9.883810
9.854120
9.824500
9.794940
9.765460
9.736040
9.706700
9.677440
9.648240
9.619130
9.590090
9.561130
9.532260
9.503460
9.474750
9.446120
9.417580
9.389120
9.360750
9.332470
9.304280
9.276180
9.248180
9.220260
9.192440
9.164710
9.137080
9.109540
9.082100
9.054760
9.027510
9.000370
8.973320
8.946380
8.919540
8.892790
8.866150
8.839620
8.813180
8.786850
8.760630
8.734500
8.708490
8.682580
8.656770
8.631080
8.605480
8.580000
8.554620
8.529350
8.504190
8.479140
8.454190
8.429350
8.404630
8.380010
8.355500
8.331090
8.306800
8.282620
8.258540
8.234580
8.210720
8.186980
8.163340
8.139810
8.116400
8.093090
8.069890
8.046790
8.023810
8.000940
7.978170
7.955510
7.932960
7.910520
7.888190
7.865960
7.843850
7.821830
7.799930
7.778130
7.756440
7.734850
7.713370
7.692000
7.670730
7.649560
7.628500
7.607540
7.586680
7.565930
7.545280
7.524740
7.504290
7.483950
7.463710
7.443560
7.423520
7.403580
7.383740
7.363990
7.344350
7.324800
7.305340
7.285990
7.266730
7.247570
7.228500
7.209520
7.190640
7.171860
7.153160
7.134560
7.116050
7.097630
7.079300
7.061070
7.042920
7.024860
7.006890
6.989000
6.971200
6.953490
6.935870
6.918330
6.900870
6.883500
6.866220
6.849010
6.831890
6.814850
6.797890
6.781010
6.764210
6.747490
6.730850
6.714280
6.697800
6.681380
6.665050
6.648790
6.632600
6.616490
6.600460
6.584490
6.568600
6.552780
6.537030
6.521350
6.505740
6.490190
6.474720
6.459320
6.443980
6.428710
6.413500
6.398360
6.383280
6.368270
6.353320
6.338430
6.323610
6.308850
6.294150
6.279500
6.264920
6.250400
6.235940
6.221530
6.207180
6.192890
6.178650
6.164470
6.150340
6.136270
6.122250
6.108290
6.094380
6.080520
6.066710
6.052950
6.039240
6.025590
6.011980
5.998420
5.984910
5.971440
5.958030
5.944660
5.931330
5.918050
5.904820
5.891630
5.878480
5.865380
5.852320
5.839300
5.826330
5.813390
5.800500
5.787650
5.774830
5.762060
5.749320
5.736630
5.723970
5.711340
5.698760
5.686210
5.673700
5.661220
5.648780
5.636380
5.624000
5.611660
5.599360
5.587090
5.574850
5.562640
5.550460
5.538320
5.526200
5.514120
5.502070
5.490040
5.478050
5.466080
5.454140
5.442240
5.430350
5.418500
5.406670
5.394870
5.383100
5.371350
5.359630
5.347930
5.336250
5.324610
5.312980
5.301380
5.289800
5.278250
5.266720
5.255210
5.243720
5.232260
5.220820
5.209400
5.197990
5.186610
5.175260
5.163920
5.152600
5.141300
5.130020
5.118750
5.107510
5.096290
5.085080
5.073890
5.062720
5.051570
5.040430
5.029310
5.018210
5.007120
4.996050
4.985000
4.973960
4.962940
4.951930
4.940940
4.929960
4.919000
4.908050
4.897120
4.886200
4.875300
4.864400
4.853530
4.842660
4.831810
4.820970
4.810140
4.799330
4.788530
4.777740
4.766960
4.756200
4.745450
4.734710
4.723980
4.713260
4.702550
4.691850
4.681170
4.670490
4.659830
4.649180
4.638530
4.627900
4.617280
4.606670
4.596060
4.585470
4.574890
4.564310
4.553750
4.543190
4.532650
4.522110
4.511580
4.501060
4.490550
4.480050
4.469560
4.459070
4.448590
4.438130
4.427670
4.417220
4.406770
4.396340
4.385910
4.375490
4.365080
4.354670
4.344280
4.333890
4.323510
4.313130
4.302770
4.292410
4.282060
4.271710
4.261380
4.251050
4.240720
4.230410
4.220100
4.209800
4.199500
4.189220
4.178930
4.168660
4.158390
4.148130
4.137880
4.127630
4.117390
4.107160
4.096930
4.086710
4.076500
4.066290
4.056090
4.045900
4.035710
4.025530
4.015360
4.005190
3.995030
3.984870
3.974730
3.964580
3.954450
3.944320
3.934200
3.924080
3.913970
3.903870
3.893780
3.883690
3.873600
3.863530
3.853460
3.843390
3.833340
3.823290
3.813240
3.803200
3.793170
3.783150
3.773130
3.763120
3.753120
3.743120
3.733130
3.723150
3.713170
3.703200
3.693240
3.683280
3.673330
3.663390
3.653450
3.643520
3.633600
3.623680
3.613780
3.603870
3.593980
3.584090
3.574210
3.564340
3.554480
3.544620
3.534770
3.524920
3.515090
3.505260
3.495440
3.485620
3.475820
3.466020
3.456230
3.446440
3.436670
3.426900
3.417140
3.407390
3.397640
3.387900
3.378180
3.368450
3.358740
3.349040
3.339340
3.329650
3.319970
3.310300
3.300630
3.290980
3.281330
3.271690
3.262060
3.252440
3.242830
3.233220
3.223630
3.214040
3.204460
3.194890
3.185330
3.175780
3.166230
3.156700
3.147180
3.137660
3.128150
3.118660
3.109170
3.099690
3.090220
3.080760
3.071310
3.061870
3.052440
3.043020
3.033600
3.024200
3.014810
3.005430
2.996060
2.986690
2.977340
2.968000
2.958670
2.949340
2.940030
2.930730
2.921440
2.912160
2.902890
2.893630
2.884380
2.875140
2.865910
2.856700
2.847490
2.838290
2.829110
2.819940
2.810770
2.801620
2.792480
2.783350
2.774230
2.765130
2.756030
2.746950
2.737880
2.728810
2.719760
2.710730
2.701700
2.692690
2.683680
2.674690
2.665710
2.656740
2.647790
2.638850
2.629910
2.621000
2.612090
2.603190
2.594310
2.585440
2.576580
2.567740
2.558910
2.550090
2.541280
2.532480
2.523700
2.514930
2.506170
2.497430
2.488700
2.479980
2.471280
2.462580
2.453900
2.445240
2.436590
2.427950
2.419320
2.410710
2.402110
2.393520
2.384950
2.376390
2.367840
2.359310
2.350790
2.342290
2.333800
2.325320
2.316860
2.308410
2.299970
2.291550
2.283150
2.274750
2.266370
2.258010
2.249660
2.241320
2.233000
2.224690
2.216400
2.208120
2.199860
2.191610
2.183370
2.175150
2.166940
2.158750
2.150570
2.142410
2.134260
2.126130
2.118010
2.109910
2.101820
2.093750
2.085690
2.077650
2.069620
2.061610
2.053610
2.045630
2.037660
2.029710
2.021780
2.013850
2.005950
1.998060
1.990180
1.982320
1.974480
1.966650
1.958840
1.951040
1.943260
1.935500
1.927750
1.920010
1.912290
1.904590
1.896910
1.889230
1.881580
1.873940
1.866320
1.858710
1.851120
1.843540
1.835990
1.828440
1.820920
1.813410
1.805910
1.798430
1.790970
1.783530
1.776100
1.768680
1.761290
1.753910
1.746540
1.739200
1.731870
1.724550
1.717250
1.709970
1.702710
1.695460
1.688230
1.681010
1.673810
1.666630
1.659470
1.652320
1.645190
1.638070
1.630970
1.623890
1.616830
1.609780
1.602750
1.595730
1.588740
1.581760
1.574790
1.567850
1.560920
1.554000
1.547110
1.540230
1.533370
1.526520
1.519690
1.512880
1.506090
1.499310
1.492550
1.485810
1.479090
1.472380
1.465690
1.459010
1.452360
1.445720
1.439090
1.432490
1.425900
1.419330
1.412780
1.406240
1.399720
1.393220
1.386730
1.380260
1.373810
1.367380
1.360970
1.354570
1.348190
1.341820
1.335480
1.329150
1.322830
1.316540
1.310260
1.304000
1.297760
1.291530
1.285330
1.279140
1.272960
1.266810
1.260670
1.254550
1.248440
1.242360
1.236290
1.230230
1.224200
1.218180
1.212180
1.206200
1.200240
1.194290
1.188360
1.182450
1.176550
1.170670
1.164810
1.158970
1.153140
1.147330
1.141540
1.135770
1.130010
1.124270
1.118550
1.112840
1.107160
1.101490
1.095830
1.090200
1.084580
1.078980
1.073400
1.067830
1.062280
1.056750
1.051240
1.045740
1.040260
1.034800
1.029350
1.023920
1.018510
1.013120
1.007740
1.002380
0.997040
0.991710
0.986410
0.981120
0.975840
0.970590
0.965350
0.960120
0.954920
0.949730
0.944560
0.939410
0.934270
0.929150
0.924050
0.918960
0.913890
0.908840
0.903810
0.898790
0.893790
0.888800
0.883840
0.878890
0.873950
0.869040
0.864140
0.859250
0.854390
0.849540
0.844710
0.839890
0.835090
0.830310
0.825550
0.820800
0.816070
0.811350
0.806650
0.801970
0.797310
0.792660
0.788020
0.783410
0.778810
0.774230
0.769660
0.765110
0.760580
0.756060
0.751560
0.747080
0.742610
0.738160
0.733730
0.729310
0.724910
0.720520
0.716150
0.711800
0.707460
0.703140
0.698840
0.694550
0.690280
0.686020
0.681780
0.677560
0.673350
0.669160
0.664980
0.660820
0.656680
0.652550
0.648440
0.644340
0.640260
0.636200
0.632150
0.628120
0.624100
0.620100
0.616120
0.612150
0.608190
0.604250
0.600330
0.596420
0.592530
0.588650
0.584790
0.580950
0.577120
0.573300
0.569510
0.565720
0.561950
0.558200
0.554460
0.550740
0.547030
0.543340
0.539660
0.536000
0.532360
0.528730
0.525110
0.521510
0.517920
0.514350
0.510790
0.507250
0.503730
0.500220
0.496720
0.493240
0.489770
0.486320
0.482880
0.479460
0.476050
0.472660
0.469280
0.465910
0.462560
0.459230
0.455910
0.452600
0.449310
0.446030
0.442770
0.439520
0.436280
0.433060
0.429860
0.426670
0.423490
0.420330
0.417180
0.414040
0.410920
0.407810
0.404720
0.401640
0.398580
0.395520
0.392490
0.389460
0.386450
0.383460
0.380480
0.377510
0.374550
0.371610
0.368680
0.365770
0.362870
0.359980
0.357110
0.354250
0.351400
0.348570
0.345750
0.342940
0.340150
0.337370
0.334600
0.331850
0.329110
0.326380
0.323670
0.320970
0.318280
0.315600
0.312940
0.310290
0.307660
0.305030
0.302420
0.299830
0.297240
0.294670
0.292110
0.289560
0.287030
0.284510
0.282000
0.279500
0.277020
0.274540
0.272090
0.269640
0.267200
0.264780
0.262370
0.259970
0.257590
0.255220
0.252850
0.250510
0.248170
0.245840
0.243530
0.241230
0.238940
0.236660
0.234400
0.232150
0.229900
0.227670
0.225460
0.223250
0.221050
0.218870
0.216700
0.214540
0.212390
0.210260
0.208130
0.206020
0.203910
0.201820
0.199740
0.197670
0.195620
0.193570
0.191540
0.189510
0.187500
0.185500
0.183510
0.181530
0.179560
0.177600
0.175650
0.173720
0.171790
0.169880
0.167980
0.166080
0.164200
0.162330
0.160470
0.158620
0.156780
0.154950
0.153130
0.151320
0.149530
0.147740
0.145960
0.144200
0.142440
0.140690
0.138960
0.137230
0.135520
0.133810
0.132120
0.130430
0.128760
0.127090
0.125430
0.123790
0.122150
0.120530
0.118910
0.117310
0.115710
0.114120
0.112550
0.110980
0.109420
0.107870
0.106330
0.104800
0.103280
0.101770
0.100270
0.098780
0.097300
0.095830
0.094360
0.092910
0.091460
0.090030
0.088600
0.087180
0.085770
0.084370
0.082980
0.081600
0.080230
0.078860
0.077510
0.076160
0.074820
0.073490
0.072170
0.070860
0.069560
0.068270
0.066980
0.065700
0.064440
0.063180
0.061920
0.060680
0.059450
0.058220
0.057000
0.055790
0.054590
0.053400
0.052210
0.051040
0.049870
0.048710
0.047550
0.046410
0.045270
0.044140
0.043020
0.041910
0.040810
0.039710
0.038620
0.037540
0.036460
0.035400
0.034340
0.033290
0.032250
0.031210
0.030180
0.029160
0.028150
0.027140
0.026150
0.025160
0.024170
0.023200
0.022230
0.021270
0.020310
0.019370
0.018430
0.017490
0.016570
0.015650
0.014740
0.013830
0.012940
0.012050
0.011160
0.010290
0.009420
0.008550
0.007700
0.006850
0.006010
0.005170
0.004340
0.003520
0.002700
0.001890
0.001090
0.000300
-0.000490
-0.001280
-0.002050
-0.002820
-0.003590
-0.004340
-0.005100
-0.005840
-0.006580
-0.007310
-0.008040
-0.008760
-0.009470
-0.010180
-0.010880
-0.011580
-0.012260
-0.012950
-0.013630
-0.014300
-0.014960
-0.015620
-0.016270
-0.016920
-0.017560
-0.018200
-0.018830
-0.019460
-0.020070
-0.020690
-0.021300
-0.021900
-0.022490
-0.023090
-0.023670
-0.024250
-0.024820
-0.025390
-0.025960
-0.026520
-0.027070
-0.027620
-0.028160
-0.028690
-0.029230
-0.029750
-0.030270
-0.030790
-0.031300
-0.031800
-0.032300
-0.032800
-0.033290
-0.033780
-0.034260
-0.034730
-0.035200
-0.035670
-0.036130
-0.036580
-0.037030
-0.037480
-0.037920
-0.038360
-0.038790
-0.039210
-0.039640
-0.040050
-0.040470
-0.040870
-0.041280
-0.041680
-0.042070
-0.042460
-0.042850
-0.043230
-0.043600
-0.043980
-0.044340
-0.044710
-0.045070
-0.045420
-0.045770
-0.046120
-0.046460
-0.046800
-0.047130
-0.047460
-0.047780
-0.048110
-0.048420
-0.048730
-0.049040
-0.049350
-0.049650
-0.049950
-0.050240
-0.050530
-0.050810
-0.051090
-0.051370
-0.051640
-0.051910
-0.052180
-0.052440
-0.052700
-0.052950
-0.053200
-0.053450
-0.053690
-0.053930
-0.054160
-0.054400
-0.054620
-0.054850
-0.055070
-0.055290
-0.055500
-0.055710
-0.055920
-0.056120
-0.056320
-0.056520
-0.056720
-0.056910
-0.057090
-0.057280
-0.057460
-0.057630
-0.057810
-0.057980
-0.058150
-0.058310
-0.058470
-0.058630
-0.058780
-0.058930
-0.059080
-0.059230
-0.059370
-0.059510
-0.059650
-0.059780
-0.059910
-0.060040
-0.060160
-0.060280
-0.060400
-0.060520
-0.060630
-0.060740
-0.060850
-0.060950
-0.061050
-0.061150
-0.061250
-0.061340
-0.061430
-0.061520
-0.061610
-0.061690
-0.061770
-0.061850
-0.061920
-0.061990
-0.062060
-0.062130
-0.062190
-0.062260
-0.062310
-0.062370
-0.062430
-0.062480
-0.062530
-0.062580
-0.062620
-0.062660
-0.062700
-0.062740
-0.062780
-0.062810
-0.062840
-0.062870
-0.062900
-0.062920
-0.062940
-0.062960
-0.062980
-0.063000
-0.063010
-0.063020
-0.063030
-0.063040
-0.063040
-0.063040
-0.063040
-0.063040
-0.063040
-0.063030
-0.063030
-0.063020
-0.063010
-0.062990
-0.062980
-0.062960
-0.062940
-0.062920
-0.062900
-0.062870
-0.062850
-0.062820
-0.062790
-0.062760
-0.062720
-0.062690
-0.062650
-0.062610
-0.062570
-0.062530
-0.062480
-0.062440
-0.062390
-0.062340
-0.062290
-0.062240
-0.062180
-0.062130
-0.062070
-0.062010
-0.061950
-0.061890
-0.061830
-0.061760
-0.061700
-0.061630
-0.061560
-0.061490
-0.061420
-0.061340
-0.061270
-0.061190
-0.061110
-0.061030
-0.060950
-0.060870
-0.060790
-0.060700
-0.060620
-0.060530
-0.060440
-0.060350
-0.060260
-0.060170
-0.060070
-0.059980
-0.059880
-0.059780
-0.059690
-0.059590
-0.059490
-0.059380
-0.059280
-0.059180
-0.059070
-0.058960
-0.058860
-0.058750
-0.058640
-0.058530
-0.058410
-0.058300
-0.058190
-0.058070
-0.057960
-0.057840
-0.057720
-0.057600
-0.057480
-0.057360
-0.057240
-0.057110
-0.056990
-0.056870
-0.056740
-0.056610
-0.056490
-0.056360
-0.056230
-0.056100
-0.055970
-0.055830
-0.055700
-0.055570
-0.055430
-0.055300
-0.055160
-0.055030
-0.054890
-0.054750
-0.054610
-0.054470
-0.054330
-0.054190
-0.054050
-0.053900
-0.053760
-0.053620
-0.053470
-0.053330
-0.053180
-0.053030
-0.052890
-0.052740
-0.052590
-0.052440
-0.052290
-0.052140
-0.051990
-0.051840
-0.051690
-0.051530
-0.051380
-0.051230
-0.051070
-0.050920
-0.050760
-0.050610
-0.050450
-0.050290
-0.050140
-0.049980
-0.049820
-0.049660
-0.049500
-0.049340
-0.049180
-0.049020
-0.048860
-0.048700
-0.048540
-0.048370
-0.048210
-0.048050
-0.047880
-0.047720
-0.047560
-0.047390
-0.047230
-0.047060
-0.046900
-0.046730
-0.046560
-0.046400
-0.046230
-0.046060
-0.045900
-0.045730
-0.045560
-0.045390
-0.045220
-0.045050
-0.044880
-0.044710
-0.044540
-0.044370
-0.044200
-0.044030
-0.043860
-0.043690
-0.043520
-0.043350
-0.043180
-0.043010
-0.042840
-0.042660
-0.042490
-0.042320
-0.042150
-0.041970
-0.041800
-0.041630
-0.041460
-0.041280
-0.041110
-0.040940
-0.040760
-0.040590
-0.040410
-0.040240
-0.040070
-0.039890
-0.039720
-0.039540
-0.039370
-0.039200
-0.039020
-0.038850
-0.038670
-0.038500
-0.038320
-0.038150
-0.037970
-0.037800
-0.037620
-0.037450
-0.037270
-0.037100
-0.036920
-0.036750
-0.036580
-0.036400
-0.036230
-0.036050
-0.035880
-0.035700
-0.035530
-0.035350
-0.035180
-0.035000
-0.034830
-0.034650
-0.034480
-0.034310
-0.034130
-0.033960
-0.033780
-0.033610
-0.033440
-0.033260
-0.033090
-0.032910
-0.032740
-0.032570
-0.032390
-0.032220
-0.032050
-0.031870
-0.031700
-0.031530
-0.031360
-0.031180
-0.031010
-0.030840
-0.030670
-0.030500
-0.030320
-0.030150
-0.029980
-0.029810
-0.029640
-0.029470
-0.029300
-0.029130
-0.028960
-0.028790
-0.028620
-0.028450
-0.028280
-0.028110
-0.027940
-0.027770
-0.027600
-0.027430
-0.027260
-0.027090
-0.026930
-0.026760
-0.026590
-0.026420
-0.026260
-0.026090
-0.025920
-0.025760
-0.025590
-0.025420
-0.025260
-0.025090
-0.024930
-0.024760
-0.024600
-0.024430
-0.024270
-0.024100
-0.023940
-0.023780
-0.023610
-0.023450
-0.023290
-0.023130
-0.022960
-0.022800
-0.022640
-0.022480
-0.022320
-0.022160
-0.022000
-0.021840
-0.021680
-0.021520
-0.021360
-0.021200
-0.021040
-0.020880
-0.020720
-0.020570
-0.020410
-0.020250
-0.020100
-0.019940
-0.019780
-0.019630
-0.019470
-0.019320
-0.019160
-0.019010
-0.018850
-0.018700
-0.018550
-0.018390
-0.018240
-0.018090
-0.017940
-0.017780
-0.017630
-0.017480
-0.017330
-0.017180
-0.017030
-0.016880
-0.016730
-0.016580
-0.016430
-0.016280
-0.016140
-0.015990
-0.015840
-0.015690
-0.015550
-0.015400
-0.015250
-0.015110
-0.014960
-0.014820
-0.014670
-0.014530
-0.014390
-0.014240
-0.014100
-0.013960
-0.013820
-0.013670
-0.013530
-0.013390
-0.013250
-0.013110
-0.012970
-0.012830
-0.012690
-0.012550
-0.012410
-0.012280
-0.012140
-0.012000
-0.011860
-0.011730
-0.011590
-0.011460
-0.011320
-0.011190
-0.011050
-0.010920
-0.010780
-0.010650
-0.010520
-0.010380
-0.010250
-0.010120
-0.009990
-0.009860
-0.009730
-0.009600
-0.009470
-0.009340
-0.009210
-0.009080
-0.008950
-0.008820
-0.008700
-0.008570
-0.008440
-0.008320
-0.008190
-0.008070
-0.007940
-0.007820
-0.007690
-0.007570
-0.007440
-0.007320
-0.007200
-0.007080
-0.006950
-0.006830
-0.006710
-0.006590
-0.006470
-0.006350
-0.006230
-0.006110
-0.005990
-0.005880
-0.005760
-0.005640
-0.005520
-0.005410
-0.005290
-0.005180
-0.005060
-0.004950
-0.004830
-0.004720
-0.004600
-0.004490
-0.004380
-0.004270
-0.004150
-0.004040
-0.003930
-0.003820
-0.003710
-0.003600
-0.003490
-0.003380
-0.003270
-0.003160
-0.003060
-0.002950
-0.002840
-0.002740
-0.002630
-0.002520
-0.002420
-0.002310
-0.002210
-0.002100
-0.002000
-0.001900
-0.001790
-0.001690
-0.001590
-0.001490
-0.001390
-0.001280
-0.001180
-0.001080
-0.000980
-0.000880
-0.000790
-0.000690
-0.000590
-0.000490
-0.000390
-0.000300
-0.000200
-0.000100
-0.000010
0.000090
0.000180
0.000280
0.000370
0.000460
0.000560
0.000650
0.000740
0.000830
0.000930
0.001020
0.001110
0.001200
0.001290
0.001380
0.001470
0.001560
0.001650
0.001730
0.001820
0.001910
0.002000
0.002080
0.002170
0.002250
0.002340
0.002420
0.002510
0.002590
0.002680
0.002760
0.002840
0.002930
0.003010
0.003090
0.003170
0.003250
0.003330
0.003410
0.003490
0.003570
0.003650
0.003730
0.003810
0.003890
0.003970
0.004040
0.004120
0.004200
0.004270
0.004350
0.004420
0.004500
0.004570
0.004650
0.004720
0.004800
0.004870
0.004940
0.005010
0.005090
0.005160
0.005230
0.005300
0.005370
0.005440
0.005510
0.005580
0.005650
0.005720
0.005790
0.005850
0.005920
0.005990
0.006060
0.006120
0.006190
0.006250
0.006320
0.006380
0.006450
0.006510
0.006580
0.006640
0.006700
0.006770
0.006830
0.006890
0.006950
0.007020
0.007080
0.007140
0.007200
0.007260
0.007320
0.007380
0.007440
0.007500
0.007550
0.007610
0.007670
0.007730
0.007790
0.007840
0.007900
0.007950
0.008010
0.008070
0.008120
0.008180
0.008230
0.008280
0.008340
0.008390
0.008440
0.008500
0.008550
0.008600
0.008650
0.008700
0.008760
0.008810
0.008860
0.008910
0.008960
0.009010
0.009060
0.009100
0.009150
0.009200
0.009250
0.009300
0.009340
0.009390
0.009440
0.009480
0.009530
0.009580
0.009620
0.009670
0.009710
0.009760
0.009800
0.009840
0.009890
0.009930
0.009970
0.010020
0.010060
0.010100
0.010140
0.010180
0.010230
0.010270
0.010310
0.010350
0.010390
0.010430
0.010470
0.010510
0.010540
0.010580
0.010620
0.010660
0.010700
0.010730
0.010770
0.010810
0.010840
0.010880
0.010920
0.010950
0.010990
0.011020
0.011060
0.011090
0.011130
0.011160
0.011190
0.011230
0.011260
0.011290
0.011330
0.011360
0.011390
0.011420
0.011450
0.011490
0.011520
0.011550
0.011580
0.011610
0.011640
0.011670
0.011700
0.011730
0.011760
0.011780
0.011810
0.011840
0.011870
0.011900
0.011920
0.011950
0.011980
0.012000
0.012030
0.012060
0.012080
0.012110
0.012130
0.012160
0.012180
0.012210
0.012230
0.012260
0.012280
0.012310
0.012330
0.012350
0.012380
0.012400
0.012420
0.012440
0.012470
0.012490
0.012510
0.012530
0.012550
0.012570
0.012590
0.012610
0.012630
0.012650
0.012670
0.012690
0.012710
0.012730
0.012750
0.012770
0.012790
0.012810
0.012820
0.012840
0.012860
0.012880
0.012890
0.012910
0.012930
0.012940
0.012960
0.012980
0.012990
0.013010
0.013020
0.013040
0.013050
0.013070
0.013080
0.013100
0.013110
0.013120
0.013140
0.013150
0.013170
0.013180
0.013190
0.013200
0.013220
0.013230
0.013240
0.013250
0.013270
0.013280
0.013290
0.013300
0.013310
0.013320
0.013330
0.013340
0.013350
0.013360
0.013370
0.013380
0.013390
0.013400
0.013410
0.013420
0.013430
0.013440
0.013450
0.013450
0.013460
0.013470
0.013480
0.013490
0.013490
0.013500
0.013510
0.013510
0.013520
0.013530
0.013530
0.013540
0.013550
0.013550
0.013560
0.013560
0.013570
0.013570
0.013580
0.013580
0.013590
0.013590
0.013600
0.013600
0.013610
0.013610
0.013610
0.013620
0.013620
0.013620
0.013630
0.013630
0.013630
0.013640
0.013640
0.013640
0.013640
0.013650
0.013650
0.013650
0.013650
0.013650
0.013650
0.013650
0.013660
0.013660
0.013660
0.013660
0.013660
0.013660
0.013660
0.013660
0.013660
0.013660
0.013660
0.013660
0.013660
0.013660
0.013660
0.013650
0.013650
0.013650
0.013650
0.013650
0.013650
0.013650
0.013640
0.013640
0.013640
0.013640
0.013640
0.013630
0.013630
0.013630
0.013620
0.013620
0.013620
0.013610
0.013610
0.013610
0.013600
0.013600
0.013600
0.013590
0.013590
0.013580
0.013580
0.013580
0.013570
0.013570
0.013560
0.013560
0.013550
0.013550
0.013540
0.013540
0.013530
0.013520
0.013520
0.013510
0.013510
0.013500
0.013500
0.013490
0.013480
0.013480
0.013470
0.013460
0.013460
0.013450
0.013440
0.013440
0.013430
0.013420
0.013410
0.013410
0.013400
0.013390
0.013380
0.013380
0.013370
0.013360
0.013350
0.013340
0.013340
0.013330
0.013320
0.013310
0.013300
0.013290
0.013280
0.013270
0.013270
0.013260
0.013250
0.013240
0.013230
0.013220
0.013210
0.013200
0.013190
0.013180
0.013170
0.013160
0.013150
0.013140
0.013130
0.013120
0.013110
0.013100
0.013090
0.013080
0.013070
0.013060
0.013050
0.013040
0.013030
0.013010
0.013000
0.012990
0.012980
0.012970
0.012960
0.012950
0.012940
0.012920
0.012910
0.012900
0.012890
0.012880
0.012860
0.012850
0.012840
0.012830
0.012820
0.012800
0.012790
0.012780
0.012770
0.012750
0.012740
0.012730
0.012720
0.012700
0.012690
0.012680
0.012670
0.012650
0.012640
0.012630
0.012610
0.012600
0.012590
0.012570
0.012560
0.012550
0.012530
0.012520
0.012510
0.012490
0.012480
0.012460
0.012450
0.012440
0.012420
0.012410
0.012400
0.012380
0.012370
0.012350
0.012340
0.012320
0.012310
0.012300
0.012280
0.012270
0.012250
0.012240
0.012220
0.012210
0.012190
0.012180
0.012160
0.012150
0.012130
0.012120
0.012100
0.012090
0.012070
0.012060
0.012040
0.012030
0.012010
0.012000
0.011980
0.011970
0.011950
0.011940
0.011920
0.011910
0.011890
0.011880
0.011860
0.011840
0.011830
0.011810
0.011800
0.011780
0.011770
0.011750
0.011730
0.011720
0.011700
0.011690
0.011670
0.011650
0.011640
0.011620
0.011610
0.011590
0.011570
0.011560
0.011540
0.011530
0.011510
0.011490
0.011480
0.011460
0.011440
0.011430
0.011410
0.011400
0.011380
0.011360
0.011350
0.011330
0.011310
0.011300
0.011280
0.011260
0.011250
0.011230
0.011210
0.011200
0.011180
0.011160
0.011150
0.011130
0.011110
0.011090
0.011080
0.011060
0.011040
0.011030
0.011010
0.010990
0.010980
0.010960
0.010940
0.010930
0.010910
0.010890
0.010870
0.010860
0.010840
0.010820
0.010810
0.010790
0.010770
0.010750
0.010740
0.010720
0.010700
0.010690
0.010670
0.010650
0.010630
0.010620
0.010600
0.010580
0.010560
0.010550
0.010530
0.010510
0.010490
0.010480
0.010460
0.010440
0.010430
0.010410
0.010390
0.010370
0.010360
0.010340
0.010320
0.010300
0.010290
0.010270
0.010250
0.010230
0.010220
0.010200
0.010180
0.010160
0.010150
0.010130
0.010110
0.010090
0.010080
0.010060
0.010040
0.010020
0.010010
0.009990
0.009970
0.009950
0.009940
0.009920
0.009900
0.009880
0.009860
0.009850
0.009830
0.009810
0.009790
0.009780
0.009760
0.009740
0.009720
0.009710
0.009690
0.009670
0.009650
0.009640
0.009620
0.009600
0.009580
0.009570
0.009550
0.009530
0.009510
0.009500
0.009480
0.009460
0.009440
0.009430
0.009410
0.009390
0.009370
0.009360
0.009340
0.009320
0.009300
0.009290
0.009270
0.009250
0.009230
0.009220
0.009200
0.009180
0.009160
0.009150
0.009130
0.009110
0.009090
0.009080
0.009060
0.009040
0.009020
0.009010
0.008990
0.008970
0.008950
0.008940
0.008920
0.008900
0.008880
0.008870
0.008850
0.008830
0.008810
0.008800
0.008780
0.008760
0.008750
0.008730
0.008710
0.008690
0.008680
0.008660
0.008640
0.008620
0.008610
0.008590
0.008570
0.008560
0.008540
0.008520
0.008500
0.008490
0.008470
0.008450
0.008440
0.008420
0.008400
0.008380
0.008370
0.008350
0.008330
0.008320
0.008300
0.008280
0.008270
0.008250
0.008230
0.008210
0.008200
0.008180
0.008160
0.008150
0.008130
0.008110
0.008100
0.008080
0.008060
0.008050
0.008030
0.008010
0.008000
0.007980
0.007960
0.007950
0.007930
0.007910
0.007900
0.007880
0.007860
0.007850
0.007830
0.007810
0.007800
0.007780
0.007760
0.007750
0.007730
0.007710
0.007700
0.007680
0.007660
0.007650
0.007630
0.007620
0.007600
0.007580
0.007570
0.007550
0.007530
0.007520
0.007500
0.007480
0.007470
0.007450
0.007440
0.007420
0.007400
0.007390
0.007370
0.007360
0.007340
0.007320
0.007310
0.007290
0.007280
0.007260
0.007240
0.007230
0.007210
0.007200
0.007180
0.007160
0.007150
0.007130
0.007120
0.007100
0.007090
0.007070
0.007050
0.007040
0.007020
0.007010
0.006990
0.006980
0.006960
0.006940
0.006930
0.006910
0.006900
0.006880
0.006870
0.006850
0.006840
0.006820
0.006810
0.006790
0.006770
0.006760
0.006740
0.006730
0.006710
0.006700
0.006680
0.006670
0.006650
0.006640
0.006620
0.006610
0.006590
0.006580
0.006560
0.006550
0.006530
0.006520
0.006500
0.006490
0.006470
0.006460
0.006440
0.006430
0.006410
0.006400
0.006380
0.006370
0.006350
0.006340
0.006320
0.006310
0.006300
0.006280
0.006270
0.006250
0.006240
0.006220
0.006210
0.006190
0.006180
0.006160
0.006150
0.006140
0.006120
0.006110
0.006090
0.006080
0.006060
0.006050
0.006040
0.006020
0.006010
0.005990
0.005980
0.005960
0.005950
0.005940
0.005920
0.005910
0.005890
0.005880
0.005870
0.005850
0.005840
0.005830
0.005810
0.005800
0.005780
0.005770
0.005760
0.005740
0.005730
0.005710
0.005700
0.005690
0.005670
0.005660
0.005650
0.005630
0.005620
0.005610
0.005590
0.005580
0.005570
0.005550
0.005540
0.005530
0.005510
0.005500
0.005490
0.005470
0.005460
0.005450
0.005430
0.005420
0.005410
0.005390
0.005380
0.005370
0.005350
0.005340
0.005330
0.005310
0.005300
0.005290
0.005280
0.005260
0.005250
0.005240
0.005220
0.005210
0.005200
0.005190
0.005170
0.005160
0.005150
0.005140
0.005120
0.005110
0.005100
0.005090
0.005070
0.005060
0.005050
0.005040
0.005020
0.005010
0.005000
0.004990
0.004970
0.004960
0.004950
0.004940
0.004920
0.004910
0.004900
0.004890
0.004880
0.004860
0.004850
0.004840
0.004830
0.004820
0.004800
0.004790
0.004780
0.004770
0.004760
0.004740
0.004730
0.004720
0.004710
0.004700
0.004680
0.004670
0.004660
0.004650
0.004640
0.004630
0.004610
0.004600
0.004590
0.004580
0.004570
0.004560
0.004550
0.004530
0.004520
0.004510
0.004500
0.004490
0.004480
0.004470
0.004450
0.004440
0.004430
0.004420
0.004410
0.004400
0.004390
0.004380
0.004370
0.004350
0.004340
0.004330
0.004320
0.004310
0.004300
0.004290
0.004280
0.004270
0.004260
0.004240
0.004230
0.004220
0.004210
0.004200
0.004190
0.004180
0.004170
0.004160
0.004150
0.004140
0.004130
0.004120
0.004110
0.004100
0.004080
0.004070
0.004060
0.004050
0.004040
0.004030
0.004020
0.004010
0.004000
0.003990
0.003980
0.003970
0.003960
0.003950
0.003940
0.003930
0.003920
0.003910
0.003900
0.003890
0.003880
0.003870
0.003860
0.003850
0.003840
0.003830
0.003820
0.003810
0.003800
0.003790
0.003780
0.003770
0.003760
0.003750
0.003740
0.003730
0.003720
0.003710
0.003700
0.003690
0.003680
0.003670
0.003660
0.003650
0.003650
0.003640
0.003630
0.003620
0.003610
0.003600
0.003590
0.003580
0.003570
0.003560
0.003550
0.003540
0.003530
0.003520
0.003510
0.003510
0.003500
0.003490
0.003480
0.003470
0.003460
0.003450
0.003440
0.003430
0.003420
0.003410
0.003410
0.003400
0.003390
0.003380
0.003370
0.003360
0.003350
0.003340
0.003340
0.003330
0.003320
0.003310
0.003300
0.003290
0.003280
0.003270
0.003270
0.003260
0.003250
0.003240
0.003230
0.003220
0.003210
0.003210
0.003200
0.003190
0.003180
0.003170
0.003160
0.003160
0.003150
0.003140
0.003130
0.003120
0.003110
0.003110
0.003100
0.003090
0.003080
0.003070
0.003070
0.003060
0.003050
0.003040
0.003030
0.003030
0.003020
0.003010
0.003000
0.002990
0.002990
0.002980
0.002970
0.002960
0.002950
0.002950
0.002940
0.002930
0.002920
0.002910
0.002910
0.002900
0.002890
0.002880
0.002880
0.002870
0.002860
0.002850
0.002850
0.002840
0.002830
0.002820
0.002820
0.002810
0.002800
0.002790
0.002790
0.002780
0.002770
0.002760
0.002760
0.002750
0.002740
0.002730
0.002730
0.002720
0.002710
0.002710
0.002700
0.002690
0.002680
0.002680
0.002670
0.002660
0.002660
0.002650
0.002640
0.002630
0.002630
0.002620
0.002610
0.002610
0.002600
0.002590
0.002590
0.002580
0.002570
0.002570
0.002560
0.002550
0.002550
0.002540
0.002530
0.002520
0.002520
0.002510
0.002500
0.002500
0.002490
0.002480
0.002480
0.002470
0.002470
0.002460
0.002450
0.002450
0.002440
0.002430
0.002430
0.002420
0.002410
0.002410
0.002400
0.002390
0.002390
0.002380
0.002370
0.002370
0.002360
0.002360
0.002350
0.002340
0.002340
0.002330
0.002320
0.002320
0.002310
0.002310
0.002300
0.002290
0.002290
0.002280
0.002280
0.002270
0.002260
0.002260
0.002250
0.002250
0.002240
0.002230
0.002230
0.002220
0.002220
0.002210
0.002200
0.002200
0.002190
0.002190
0.002180
0.002170
0.002170
0.002160
0.002160
0.002150
0.002150
0.002140
0.002130
0.002130
0.002120
0.002120
0.002110
0.002110
0.002100
0.002090
0.002090
0.002080
0.002080
0.002070
0.002070
0.002060
0.002060
0.002050
0.002050
0.002040
0.002030
0.002030
0.002020
0.002020
0.002010
0.002010
0.002000
0.002000
0.001990
0.001990
0.001980
0.001980
0.001970
0.001960
0.001960
0.001950
0.001950
0.001940
0.001940
0.001930
0.001930
0.001920
0.001920
0.001910
0.001910
0.001900
0.001900
0.001890
0.001890
0.001880
0.001880
0.001870
0.001870
0.001860
0.001860
0.001850
0.001850
0.001840
0.001840
0.001830
0.001830
0.001820
0.001820
0.001810
0.001810
0.001800
0.001800
0.001800
0.001790
0.001790
0.001780
0.001780
0.001770
0.001770
0.001760
0.001760
0.001750
0.001750
0.001740
0.001740
0.001730
0.001730
0.001730
0.001720
0.001720
0.001710
0.001710
0.001700
0.001700
0.001690
0.001690
0.001680
0.001680
0.001680
0.001670
0.001670
0.001660
0.001660
0.001650
0.001650
0.001640
0.001640
0.001640
0.001630
0.001630
0.001620
0.001620
0.001610
0.001610
0.001610
0.001600
0.001600
0.001590
0.001590
0.001590
0.001580
0.001580
0.001570
0.001570
0.001560
0.001560
0.001560
0.001550
0.001550
0.001540
0.001540
0.001540
0.001530
0.001530
0.001520
0.001520
0.001520
0.001510
0.001510
0.001500
0.001500
0.001500
0.001490
0.001490
0.001480
0.001480
0.001480
0.001470
0.001470
0.001470
0.001460
0.001460
0.001450
0.001450
0.001450
0.001440
0.001440
0.001430
0.001430
0.001430
0.001420
0.001420
0.001420
0.001410
0.001410
0.001410
0.001400
0.001400
0.001390
0.001390
0.001390
0.001380
0.001380
0.001380
0.001370
0.001370
0.001370
0.001360
0.001360
0.001360
0.001350
0.001350
0.001340
0.001340
0.001340
0.001330
0.001330
0.001330
0.001320
0.001320
0.001320
0.001310
0.001310
0.001310
0.001300
0.001300
0.001300
0.001290
0.001290
0.001290
0.001280
0.001280
0.001280
0.001270
0.001270
0.001270
0.001260
0.001260
0.001260
0.001250
0.001250
0.001250
0.001240
0.001240
0.001240
0.001230
0.001230
0.001230
0.001230
0.001220
0.001220
0.001220
0.001210
0.001210
0.001210
0.001200
0.001200
0.001200
0.001190
0.001190
0.001190
0.001190
0.001180
0.001180
0.001180
0.001170
0.001170
0.001170
0.001160
0.001160
0.001160
0.001160
0.001150
0.001150
0.001150
0.001140
0.001140
0.001140
0.001130
0.001130
0.001130
0.001130
0.001120
0.001120
0.001120
0.001110
0.001110
0.001110
0.001110
0.001100
0.001100
0.001100
0.001100
0.001090
0.001090
0.001090
0.001080
0.001080
0.001080
0.001080
0.001070
0.001070
0.001070
0.001070
0.001060
0.001060
0.001060
0.001050
0.001050
0.001050
0.001050
0.001040
0.001040
0.001040
0.001040
0.001030
0.001030
0.001030
0.001030
0.001020
0.001020
0.001020
0.001020
0.001010
0.001010
0.001010
0.001010
0.001000
0.001000
0.001000
0.001000
0.000990
0.000990
0.000990
0.000990
0.000980
0.000980
0.000980
0.000980
0.000970
0.000970
0.000970
0.000970
0.000960
0.000960
0.000960
0.000960
0.000950
0.000950
0.000950
0.000950
0.000940
0.000940
0.000940
0.000940
0.000940
0.000930
0.000930
0.000930
0.000930
0.000920
0.000920
0.000920
0.000920
0.000910
0.000910
0.000910
0.000910
0.000910
0.000900
0.000900
0.000900
0.000900
0.000890
0.000890
0.000890
0.000890
0.000890
0.000880
0.000880
0.000880
0.000880
0.000880
0.000870
0.000870
0.000870
0.000870
0.000860
0.000860
0.000860
0.000860
0.000860
0.000850
0.000850
0.000850
0.000850
0.000850
0.000840
0.000840
0.000840
0.000840
0.000840
0.000830
0.000830
0.000830
0.000830
0.000830
0.000820
0.000820
0.000820
0.000820
0.000820
0.000810
0.000810
0.000810
0.000810
0.000810
0.000800
0.000800
0.000800
0.000800
0.000800
0.000790
0.000790
0.000790
0.000790
0.000790
0.000780
0.000780
0.000780
0.000780
0.000780
0.000780
0.000770
0.000770
0.000770
0.000770
0.000770
0.000760
0.000760
0.000760
0.000760
0.000760
0.000760
0.000750
0.000750
0.000750
0.000750
0.000750
0.000740
0.000740
0.000740
0.000740
0.000740
0.000740
0.000730
0.000730
0.000730
0.000730
0.000730
0.000730
0.000720
0.000720
0.000720
0.000720
0.000720
0.000720
0.000710
0.000710
0.000710
0.000710
0.000710
0.000710
0.000700
0.000700
0.000700
0.000700
0.000700
0.000700
0.000690
0.000690
0.000690
0.000690
0.000690
0.000690
0.000680
0.000680
0.000680
0.000680
0.000680
0.000680
0.000670
0.000670
0.000670
0.000670
0.000670
0.000670
0.000670
0.000660
0.000660
0.000660
0.000660
0.000660
0.000660
0.000650
0.000650
0.000650
0.000650
0.000650
0.000650
0.000650
0.000640
0.000640
0.000640
0.000640
0.000640
0.000640
0.000640
0.000630
0.000630
0.000630
0.000630
0.000630
0.000630
0.000630
0.000620
0.000620
0.000620
0.000620
0.000620
0.000620
0.000620
0.000610
0.000610
0.000610
0.000610
0.000610
0.000610
0.000610
0.000600
0.000600
0.000600
0.000600
0.000600
0.000600
0.000600
0.000590
0.000590
0.000590
0.000590
0.000590
0.000590
0.000590
0.000590
0.000580
0.000580
0.000580
0.000580
0.000580
0.000580
0.000580
0.000570
0.000570
0.000570
0.000570
0.000570
0.000570
0.000570
0.000570
0.000560
0.000560
0.000560
0.000560
0.000560
0.000560
0.000560
0.000560
0.000550
0.000550
0.000550
0.000550
0.000550
0.000550
0.000550
0.000550
0.000540
0.000540
0.000540
0.000540
0.000540
0.000540
0.000540
0.000540
0.000540
0.000530
0.000530
0.000530
0.000530
0.000530
0.000530
0.000530
0.000530
0.000520
0.000520
0.000520
0.000520
0.000520
0.000520
0.000520
0.000520
0.000520
0.000510
0.000510
0.000510
0.000510
0.000510
0.000510
0.000510
0.000510
0.000510
0.000500
0.000500
0.000500
0.000500
0.000500
0.000500
0.000500
0.000500
0.000500
0.000490
0.000490
0.000490
0.000490
0.000490
0.000490
0.000490
0.000490
0.000490
0.000480
0.000480
0.000480
0.000480
0.000480
0.000480
0.000480
0.000480
0.000480
0.000480
0.000470
0.000470
0.000470
0.000470
0.000470
0.000470
0.000470
0.000470
0.000470
0.000470
0.000460
0.000460
0.000460
0.000460
0.000460
0.000460
0.000460
0.000460
0.000460
0.000460
0.000450
0.000450
0.000450
0.000450
0.000450
0.000450
0.000450
0.000450
0.000450
0.000450
0.000440
0.000440
0.000440
0.000440
0.000440
0.000440
0.000440
0.000440
0.000440
0.000440
0.000440
0.000430
0.000430
0.000430
0.000430
0.000430
0.000430
0.000430
0.000430
0.000430
0.000430
0.000430
0.000420
0.000420
0.000420
0.000420
0.000420
0.000420
0.000420
0.000420
0.000420
0.000420
0.000420
0.000410
0.000410
0.000410
0.000410
0.000410
0.000410
0.000410
0.000410
0.000410
0.000410
0.000410
0.000410
0.000400
0.000400
0.000400
0.000400
0.000400
0.000400
0.000400
0.000400
0.000400
0.000400
0.000400
0.000390
0.000390
0.000390
0.000390
0.000390
0.000390
0.000390
0.000390
0.000390
0.000390
0.000390
0.000390
0.000390
0.000380
0.000380
0.000380
0.000380
0.000380
0.000380
0.000380
0.000380
0.000380
0.000380
0.000380
0.000380
0.000370
0.000370
0.000370
0.000370
0.000370
0.000370
0.000370
0.000370
0.000370
0.000370
0.000370
0.000370
0.000370
0.000360
0.000360
0.000360
0.000360
0.000360
0.000360
0.000360
0.000360
0.000360
0.000360
0.000360
0.000360
0.000360
0.000360
0.000350
0.000350
0.000350
0.000350
0.000350
0.000350
0.000350
0.000350
0.000350
0.000350
0.000350
0.000350
0.000350
0.000350
0.000340
0.000340
0.000340
0.000340
0.000340
0.000340
0.000340
0.000340
0.000340
0.000340
0.000340
0.000340
0.000340
0.000340
0.000330
0.000330
0.000330
0.000330
0.000330
0.000330
0.000330
0.000330
0.000330
0.000330
0.000330
0.000330
0.000330
0.000330
0.000330
0.000320
0.000320
0.000320
0.000320
0.000320
0.000320
0.000320
0.000320
0.000320
0.000320
0.000320
0.000320
0.000320
0.000320
0.000320
0.000320
0.000310
0.000310
0.000310
0.000310
0.000310
0.000310
0.000310
0.000310
0.000310
0.000310
0.000310
0.000310
0.000310
0.000310
0.000310
0.000310
0.000300
0.000300
0.000300
0.000300
0.000300
0.000300
0.000300
0.000300
0.000300
0.000300
0.000300
0.000300
0.000300
0.000300
0.000300
0.000300
0.000300
0.000290
0.000290
0.000290
0.000290
0.000290
0.000290
0.000290
0.000290
0.000290
0.000290
0.000290
0.000290
0.000290
0.000290
0.000290
0.000290
0.000290
0.000280
0.000280
0.000280
0.000280
0.000280
0.000280
0.000280
0.000280
0.000280
0.000280
0.000280
0.000280
0.000280
0.000280
0.000280
0.000280
0.000280
0.000280
0.000270
0.000270
0.000270
0.000270
0.000270
0.000270
0.000270
0.000270
0.000270
0.000270
0.000270
0.000270
0.000270
0.000270
0.000270
0.000270
0.000270
0.000270
0.000270
0.000260
0.000260
0.000260
0.000260
0.000260
0.000260
0.000260
0.000260
0.000260
0.000260
0.000260
0.000260
0.000260
0.000260
0.000260
0.000260
0.000260
0.000260
0.000260
0.000250
0.000250
0.000250
0.000250
0.000250
0.000250
0.000250
0.000250
0.000250
0.000250
0.000250
0.000250
0.000250
0.000250
0.000250
0.000250
0.000250
0.000250
0.000250
0.000250
0.000250
0.000240
0.000240
0.000240
0.000240
0.000240
0.000240
0.000240
0.000240
0.000240
0.000240
0.000240
0.000240
0.000240
0.000240
0.000240
0.000240
0.000240
0.000240
0.000240
0.000240
0.000240
0.000230
0.000230
0.000230
0.000230
0.000230
0.000230
0.000230
0.000230
0.000230
0.000230
0.000230
0.000230
0.000230
0.000230
0.000230
0.000230
0.000230
0.000230
0.000230
0.000230
0.000230
0.000230
0.000220
0.000220
0.000220
0.000220
0.000220
0.000220
0.000220
0.000220
0.000220
0.000220
0.000220
0.000220
0.000220
0.000220
0.000220
0.000220
0.000220
0.000220
0.000220
0.000220
0.000220
0.000220
0.000220
0.000220
0.000210
0.000210
0.000210
0.000210
0.000210
0.000210
0.000210
0.000210
0.000210
0.000210
0.000210
0.000210
0.000210
0.000210
0.000210
0.000210
0.000210
0.000210
0.000210
0.000210
0.000210
0.000210
0.000210
0.000210
0.000200
0.000200
0.000200
0.000200
0.000200
0.000200
0.000200
0.000200
0.000200
0.000200
0.000200
0.000200
0.000200
0.000200
0.000200
0.000200
0.000200
0.000200
0.000200
0.000200
0.000200
0.000200
0.000200
0.000200
0.000200
0.000200
0.000190
0.000190
0.000190
0.000190
0.000190
0.000190
0.000190
0.000190
0.000190
0.000190
0.000190
0.000190
0.000190
0.000190
0.000190
0.000190
0.000190
0.000190
0.000190
0.000190
0.000190
0.000190
0.000190
0.000190
0.000190
0.000190
0.000190
0.000190
0.000180
0.000180
0.000180
0.000180
0.000180
0.000180
0.000180
0.000180
0.000180
0.000180
0.000180
0.000180
0.000180
0.000180
0.000180
0.000180
0.000180
0.000180
0.000180
0.000180
0.000180
0.000180
0.000180
0.000180
0.000180
0.000180
0.000180
0.000180
0.000180
0.000170
0.000170
0.000170
0.000170
0.000170
0.000170
0.000170
0.000170
0.000170
0.000170
0.000170
0.000170
0.000170
0.000170
0.000170
0.000170
0.000170
0.000170
0.000170
0.000170
0.000170
0.000170
0.000170
0.000170
0.000170
0.000170
0.000170
0.000170
0.000170
0.000170
0.000160
0.000160
0.000160
0.000160
0.000160
0.000160
0.000160
0.000160
0.000160
0.000160
0.000160
0.000160
0.000160
0.000160
0.000160
0.000160
0.000160
0.000160
0.000160
0.000160
0.000160
0.000160
0.000160
0.000160
0.000160
0.000160
0.000160
0.000160
0.000160
0.000160
0.000160
0.000160
0.000160
0.000150
0.000150
0.000150
0.000150
0.000150
0.000150
0.000150
0.000150
0.000150
0.000150
0.000150
0.000150
0.000150
0.000150
0.000150
0.000150
0.000150
0.000150
0.000150
0.000150
0.000150
0.000150
0.000150
0.000150
0.000150
0.000150
0.000150
0.000150
0.000150
0.000150
0.000150
0.000150
0.000150
0.000150
0.000150
0.000140
0.000140
0.000140
0.000140
0.000140
0.000140
0.000140
0.000140
0.000140
0.000140
0.000140
0.000140
0.000140
0.000140
0.000140
0.000140
0.000140
0.000140
0.000140
0.000140
0.000140
0.000140
0.000140
0.000140
0.000140
0.000140
0.000140
0.000140
0.000140
0.000140
0.000140
0.000140
0.000140
0.000140
0.000140
0.000140
0.000140
0.000130
0.000130
0.000130
0.000130
0.000130
0.000130
0.000130
0.000130
0.000130
0.000130
0.000130
0.000130
0.000130
0.000130
0.000130
0.000130
0.000130
0.000130
0.000130
0.000130
0.000130
0.000130
0.000130
0.000130
0.000130
0.000130
0.000130
0.000130
0.000130
0.000130
0.000130
0.000130
0.000130
0.000130
0.000130
0.000130
0.000130
0.000130
0.000130
0.000130
0.000120
0.000120
0.000120
0.000120
0.000120
0.000120
0.000120
0.000120
0.000120
0.000120
0.000120
0.000120
0.000120
0.000120
0.000120
0.000120
0.000120
0.000120
0.000120
0.000120
0.000120
0.000120
0.000120
0.000120
0.000120
0.000120
0.000120
0.000120
0.000120
0.000120
0.000120
0.000120
0.000120
0.000120
0.000120
0.000120
0.000120
0.000120
0.000120
0.000120
0.000120
0.000120
0.000120
0.000120
0.000110
0.000110
0.000110
0.000110
0.000110
0.000110
0.000110
0.000110
0.000110
0.000110
0.000110
0.000110
0.000110
0.000110
0.000110
0.000110
0.000110
0.000110
0.000110
0.000110
0.000110
0.000110
0.000110
0.000110
0.000110
0.000110
0.000110
0.000110
0.000110
0.000110
0.000110
0.000110
0.000110
0.000110
0.000110
0.000110
0.000110
0.000110
0.000110
0.000110
0.000110
0.000110
0.000110
0.000110
0.000110
0.000110
0.000110
0.000100
0.000100
0.000100
0.000100
0.000100
0.000100
0.000100
0.000100
0.000100
0.000100
0.000100
0.000100
0.000100
0.000100
0.000100
0.000100
0.000100
0.000100
0.000100
0.000100
0.000100
0.000100
0.000100
0.000100
0.000100
0.000100
0.000100
0.000100
0.000100
0.000100
0.000100
0.000100
0.000100
0.000100
0.000100
0.000100
0.000100
0.000100
0.000100
0.000100
0.000100
0.000100
0.000100
0.000100
0.000100
0.000100
0.000100
0.000100
0.000100
0.000100
0.000100
0.000100
0.000090
0.000090
0.000090
0.000090
0.000090
0.000090
0.000090
0.000090
0.000090
0.000090
0.000090
0.000090
0.000090
0.000090
0.000090
0.000090
0.000090
0.000090
0.000090
0.000090
0.000090
0.000090
0.000090
0.000090
0.000090
0.000090
0.000090
0.000090
0.000090
0.000090
0.000090
0.000090
0.000090
0.000090
0.000090
0.000090
0.000090
0.000090
0.000090
0.000090
0.000090
0.000090
0.000090
0.000090
0.000090
0.000090
0.000090
0.000090
0.000090
0.000090
0.000090
0.000090
0.000090
0.000090
0.000090
0.000090
0.000090
0.000080
0.000080
0.000080
0.000080
0.000080
0.000080
0.000080
0.000080
0.000080
0.000080
0.000080
0.000080
0.000080
0.000080
0.000080
0.000080
0.000080
0.000080
0.000080
0.000080
0.000080
0.000080
0.000080
0.000080
0.000080
0.000080
0.000080
0.000080
0.000080
0.000080
0.000080
0.000080
0.000080
0.000080
0.000080
0.000080
0.000080
0.000080
0.000080
0.000080
0.000080
0.000080
0.000080
0.000080
0.000080
0.000080
0.000080
0.000080
0.000080
0.000080
0.000080
0.000080
0.000080
0.000080
0.000080
0.000080
0.000080
0.000080
0.000080
0.000080
0.000080
0.000080
0.000080
0.000080
0.000070
0.000070
0.000070
0.000070
0.000070
0.000070
0.000070
0.000070
0.000070
0.000070
0.000070
0.000070
0.000070
0.000070
0.000070
0.000070
0.000070
0.000070
0.000070
0.000070
0.000070
0.000070
0.000070
0.000070
0.000070
0.000070
0.000070
0.000070
0.000070
0.000070
0.000070
0.000070
0.000070
0.000070
0.000070
0.000070
0.000070
0.000070
0.000070
0.000070
0.000070
0.000070
0.000070
0.000070
0.000070
0.000070
0.000070
0.000070
0.000070
0.000070
0.000070
0.000070
0.000070
0.000070
0.000070
0.000070
0.000070
0.000070
0.000070
0.000070
0.000070
0.000070
0.000070
0.000070
0.000070
0.000070
0.000070
0.000070
0.000070
0.000070
0.000070
0.000070
0.000070
0.000060
0.000060
0.000060
0.000060
0.000060
0.000060
0.000060
0.000060
0.000060
0.000060
0.000060
0.000060
0.000060
0.000060
0.000060
0.000060
0.000060
0.000060
0.000060
0.000060
0.000060
0.000060
0.000060
0.000060
0.000060
0.000060
0.000060
0.000060
0.000060
0.000060
0.000060
0.000060
0.000060
0.000060
0.000060
0.000060
0.000060
0.000060
0.000060
0.000060
0.000060
0.000060
0.000060
0.000060
0.000060
0.000060
0.000060
0.000060
0.000060
0.000060
0.000060
0.000060
0.000060
0.000060
0.000060
0.000060
0.000060
0.000060
0.000060
0.000060
0.000060
0.000060
0.000060
0.000060
0.000060
0.000060
0.000060
0.000060
0.000060
0.000060
0.000060
0.000060
0.000060
0.000060
0.000060
0.000060
0.000060
0.000060
0.000060
0.000060
0.000060
0.000060
0.000060
0.000060
0.000050
0.000050
0.000050
0.000050
0.000050
0.000050
0.000050
0.000050
0.000050
0.000050
0.000050
0.000050
0.000050
0.000050
0.000050
0.000050
0.000050
0.000050
0.000050
0.000050
0.000050
0.000050
0.000050
0.000050
0.000050
0.000050
0.000050
0.000050
0.000050
0.000050
0.000050
0.000050
0.000050
0.000050
0.000050
0.000050
0.000050
0.000050
0.000050
0.000050
0.000050
0.000050
0.000050
0.000050
0.000050
0.000050
0.000050
0.000050
0.000050
0.000050
0.000050
0.000050
0.000050
0.000050
0.000050
0.000050
0.000050
0.000050
0.000050
0.000050
0.000050
0.000050
0.000050
0.000050
0.000050
0.000050
0.000050
0.000050
0.000050
0.000050
0.000050
0.000050
0.000050
0.000050
0.000050
0.000050
0.000050
0.000050
0.000050
0.000050
0.000050
0.000050
0.000050
0.000050
0.000050
0.000050
0.000050
0.000050
0.000050
0.000050
0.000050
0.000050
0.000050
0.000050
0.000050
0.000050
0.000050
0.000050
0.000050
0.000050
0.000050
0.000040
0.000040
0.000040
0.000040
0.000040
0.000040
0.000040
0.000040
0.000040
0.000040
0.000040
0.000040
0.000040
0.000040
0.000040
0.000040
0.000040
0.000040
0.000040
0.000040
0.000040
0.000040
0.000040
0.000040
0.000040
0.000040
0.000040
0.000040
0.000040
0.000040
0.000040
0.000040
0.000040
0.000040
0.000040
0.000040
0.000040
0.000040
0.000040
0.000040
0.000040
0.000040
0.000040
0.000040
0.000040
0.000040
0.000040
0.000040
0.000040
0.000040
0.000040
0.000040
0.000040
0.000040
0.000040
0.000040
0.000040
0.000040
0.000040
0.000040
0.000040
0.000040
0.000040
0.000040
0.000040
0.000040
0.000040
0.000040
0.000040
0.000040
0.000040
0.000040
0.000040
0.000040
0.000040
0.000040
0.000040
0.000040
0.000040
0.000040
0.000040
0.000040
0.000040
0.000040
0.000040
0.000040
0.000040
0.000040
0.000040
0.000040
0.000040
0.000040
0.000040
0.000040
0.000040
0.000040
0.000040
0.000040
0.000040
0.000040
0.000040
0.000040
0.000040
0.000040
0.000040
0.000040
0.000040
0.000040
0.000040
0.000040
0.000040
0.000040
0.000040
0.000040
0.000040
0.000040
0.000040
0.000040
0.000040
0.000040
0.000040
0.000040
0.000040
0.000040
0.000040
0.000030
0.000030
0.000030
0.000030
0.000030
0.000030
0.000030
0.000030
0.000030
0.000030
0.000030
0.000030
0.000030
0.000030
0.000030
0.000030
0.000030
0.000030
0.000030
0.000030
0.000030
0.000030
0.000030
0.000030
0.000030
0.000030
0.000030
0.000030
0.000030
0.000030
0.000030
0.000030
0.000030
0.000030
0.000030
0.000030
0.000030
0.000030
0.000030
0.000030
0.000030
0.000030
0.000030
0.000030
0.000030
0.000030
0.000030
0.000030
0.000030
0.000030
0.000030
0.000030
0.000030
0.000030
0.000030
0.000030
0.000030
0.000030
0.000030
0.000030
0.000030
0.000030
0.000030
0.000030
0.000030
0.000030
0.000030
0.000030
0.000030
0.000030
0.000030
0.000030
0.000030
0.000030
0.000030
0.000030
0.000030
0.000030
0.000030
0.000030
0.000030
0.000030
0.000030
0.000030
0.000030
0.000030
0.000030
0.000030
0.000030
0.000030
0.000030
0.000030
0.000030
0.000030
0.000030
0.000030
0.000030
0.000030
0.000030
0.000030
0.000030
0.000030
0.000030
0.000030
0.000030
0.000030
0.000030
0.000030
0.000030
0.000030
0.000030
0.000030
0.000030
0.000030
0.000030
0.000030
0.000030
0.000030
0.000030
0.000030
0.000030
0.000030
0.000030
0.000030
0.000030
0.000030
0.000030
0.000030
0.000030
0.000030
0.000030
0.000030
0.000030
0.000030
0.000030
0.000030
0.000030
0.000030
0.000030
0.000030
0.000030
0.000030
0.000030
0.000030
0.000030
0.000030
0.000030
0.000030
0.000030
0.000030
0.000030
0.000030
0.000030
0.000030
0.000030
0.000030
0.000030
0.000030
0.000030
0.000030
0.000030
0.000030
0.000030
0.000030
0.000030
0.000030
0.000020
0.000020
0.000020
0.000020
0.000020
0.000020
0.000020
0.000020
0.000020
0.000020
0.000020
0.000020
0.000020
0.000020
0.000020
0.000020
0.000020
0.000020
0.000020
0.000020
0.000020
0.000020
0.000020
0.000020
0.000020
0.000020
0.000020
0.000020
0.000020
0.000020
0.000020
0.000020
0.000020
0.000020
0.000020
0.000020
0.000020
0.000020
0.000020
0.000020
0.000020
0.000020
0.000020
0.000020
0.000020
0.000020
0.000020
0.000020
0.000020
0.000020
0.000020
0.000020
0.000020
0.000020
0.000020
0.000020
0.000020
0.000020
0.000020
0.000020
0.000020
0.000020
0.000020
0.000020
0.000020
0.000020
0.000020
0.000020
0.000020
0.000020
0.000020
0.000020
0.000020
0.000020
0.000020
0.000020
0.000020
0.000020
0.000020
0.000020
0.000020
0.000020
0.000020
0.000020
0.000020
0.000020
0.000020
0.000020
0.000020
0.000020
0.000020
0.000020
0.000020
0.000020
0.000020
0.000020
0.000020
0.000020
0.000020
0.000020
0.000020
0.000020
0.000020
0.000020
0.000020
0.000020
0.000020
0.000020
0.000020
0.000020
0.000020
0.000020
0.000020
0.000020
0.000020
0.000020
0.000020
0.000020
0.000020
0.000020
0.000020
0.000020
0.000020
0.000020
0.000020
0.000020
0.000020
0.000020
0.000020
0.000020
0.000020
0.000020
0.000020
0.000020
0.000020
0.000020
0.000020
0.000020
0.000020
0.000020
0.000020
0.000020
0.000020
0.000020
0.000020
0.000020
0.000020
0.000020
0.000020
0.000020
0.000020
0.000020
0.000020
0.000020
0.000020
0.000020
0.000020
0.000020
0.000020
0.000020
0.000020
0.000020
0.000020
0.000020
0.000020
0.000020
0.000020
0.000020
0.000020
0.000020
0.000020
0.000020
0.000020
0.000020
0.000020
0.000020
0.000020
0.000020
0.000020
0.000020
0.000020
0.000020
0.000020
0.000020
0.000020
0.000020
0.000020
0.000020
0.000020
0.000020
0.000020
0.000020
0.000020
0.000020
0.000020
0.000020
0.000020
0.000020
0.000020
0.000020
0.000020
0.000020
0.000020
0.000020
0.000020
0.000020
0.000020
0.000020
0.000020
0.000020
0.000020
0.000020
0.000020
0.000020
0.000020
0.000020
0.000020
0.000020
0.000020
0.000020
0.000020
0.000020
0.000020
0.000020
0.000020
0.000020
0.000020
0.000020
0.000020
0.000020
0.000020
0.000020
0.000020
0.000020
0.000020
0.000020
0.000020
0.000020
0.000020
0.000020
0.000020
0.000020
0.000020
0.000020
0.000020
0.000020
0.000020
0.000020
0.000020
0.000020
0.000010
0.000010
0.000010
0.000010
0.000010
0.000010
0.000010
0.000010
0.000010
0.000010
0.000010
0.000010
0.000010
0.000010
0.000010
0.000010
0.000010
0.000010
0.000010
0.000010
0.000010
0.000010
0.000010
0.000010
0.000010
0.000010
0.000010
0.000010
0.000010
0.000010
0.000010
0.000010
0.000010
0.000010
0.000010
0.000010
0.000010
0.000010
0.000010
0.000010
0.000010
0.000010
0.000010
0.000010
0.000010
0.000010
0.000010
0.000010
0.000010
0.000010
0.000010
0.000010
0.000010
0.000010
0.000010
0.000010
0.000010
0.000010
0.000010
0.000010
0.000010
0.000010
0.000010
0.000010
0.000010
0.000010
0.000010
0.000010
0.000010
0.000010
0.000010
0.000010
0.000010
0.000010
0.000010
0.000010
0.000010
0.000010
0.000010
0.000010
0.000010
0.000010
0.000010
0.000010
0.000010
0.000010
0.000010
0.000010
0.000010
0.000010
0.000010
0.000010
0.000010
0.000010
0.000010
0.000010
0.000010
0.000010
0.000010
0.000010
0.000010
0.000010
0.000010
0.000010
0.000010
0.000010
0.000010
0.000010
0.000010
0.000010
0.000010
0.000010
0.000010
0.000010
0.000010
0.000010
0.000010
0.000010
0.000010
0.000010
0.000010
0.000010
0.000010
0.000010
0.000010
0.000010
0.000010
0.000010
0.000010
0.000010
0.000010
0.000010
0.000010
0.000010
0.000010
0.000010
0.000010
0.000010
0.000010
0.000010
0.000010
0.000010
0.000010
0.000010
0.000010
0.000010
0.000010
0.000010
0.000010
0.000010
0.000010
0.000010
0.000010
0.000010
0.000010
0.000010
0.000010
0.000010
0.000010
0.000010
0.000010
0.000010
0.000010
0.000010
0.000010
0.000010
0.000010
0.000010
0.000010
0.000010
0.000010
0.000010
0.000010
0.000010
0.000010
0.000010
0.000010
0.000010
0.000010
0.000010
0.000010
0.000010
0.000010
0.000010
0.000010
0.000010
0.000010
0.000010
0.000010
0.000010
0.000010
0.000010
0.000010
0.000010
0.000010
0.000010
0.000010
0.000010
0.000010
0.000010
0.000010
0.000010
0.000010
0.000010
0.000010
0.000010
0.000010
0.000010
0.000010
0.000010
0.000010
0.000010
0.000010
0.000010
0.000010
0.000010
0.000010
0.000010
0.000010
0.000010
0.000010
0.000010
0.000010
0.000010
0.000010
0.000010
0.000010
0.000010
0.000010
0.000010
0.000010
0.000010
0.000010
0.000010
0.000010
0.000010
0.000010
0.000010
0.000010
0.000010
0.000010
0.000010
0.000010
0.000010
0.000010
0.000010
0.000010
0.000010
0.000010
0.000010
0.000010
0.000010
0.000010
0.000010
0.000010
0.000010
0.000010
0.000010
0.000010
0.000010
0.000010
0.000010
0.000010
0.000010
0.000010
0.000010
0.000010
0.000010
0.000010
0.000010
0.000010
0.000010
0.000010
0.000010
0.000010
0.000010
0.000010
0.000010
0.000010
0.000010
0.000010
0.000010
0.000010
0.000010
0.000010
0.000010
0.000010
0.000010
0.000010
0.000010
0.000010
0.000010
0.000010
0.000010
0.000010
0.000010
0.000010
0.000010
0.000010
0.000010
0.000010
0.000010
0.000010
0.000010
0.000010
0.000010
0.000010
0.000010
0.000010
0.000010
0.000010
0.000010
0.000010
0.000010
0.000010
0.000010
0.000010
0.000010
0.000010
0.000010
0.000010
0.000010
0.000010
0.000010
0.000010
0.000010
0.000010
0.000010
0.000010
0.000010
0.000010
0.000010
0.000010
0.000010
0.000010
0.000010
0.000010
0.000010
0.000010
0.000010
0.000010
0.000010
0.000010
0.000010
0.000010
0.000010
0.000010
0.000010
0.000010
0.000010
0.000010
0.000010
0.000010
0.000010
0.000010
0.000010
0.000010
0.000010
0.000010
0.000010
0.000010
0.000010
0.000010
0.000010
0.000010
0.000010
0.000010
0.000010
0.000010
0.000010
0.000010
0.000010
0.000010
0.000010
0.000010
0.000010
0.000010
0.000010
0.000010
0.000010
0.000010
0.000010
0.000010
0.000010
0.000010
0.000010
0.000010
0.000010
0.000010
0.000010
0.000010
0.000010
0.000010
0.000010
0.000010
0.000010
0.000010
0.000010
0.000010
0.000010
0.000010
0.000010
0.000010
0.000010
0.000010
0.000010
0.000010
0.000010
0.000010
0.000010
0.000010
0.000010
0.000010
0.000010
0.000010
0.000010
0.000010
0.000010
0.000010
0.000010
0.000010
0.000010
0.000010
0.000010
0.000010
0.000010
0.000010
0.000010
0.000010
0.000010
0.000010
0.000010
0.000010
0.000010
0.000010
0.000010
0.000010
0.000010
0.000010
0.000010
0.000010
0.000010
0.000010
0.000010
0.000010
0.000010
0.000010
0.000010
0.000010
0.000010
0.000010
0.000010
0.000010
0.000010
0.000010
0.000010
0.000010
0.000010
0.000010
0.000010
0.000010
0.000010
0.000010
0.000010
0.000010
0.000010
0.000010
0.000010
0.000010
0.000010
0.000010
0.000010
0.000010
0.000010
0.000010
0.000010
0.000010
0.000010
0.000010
0.000010
0.000010
0.000010
0.000010
0.000010
0.000010
0.000010
0.000010
0.000010
0.000010
0.000010
0.000010
0.000010
0.000010
0.000010
0.000010
0.000010
0.000010
0.000010
0.000010
0.000010
0.000010
0.000010
0.000010
0.000010
0.000010
0.000010
0.000010
0.000010
0.000010
0.000010
0.000010
0.000010
0.000010
0.000010
0.000010
0.000010
0.000010
0.000010
0.000010
0.000010
0.000010
0.000010
0.000010
0.000010
0.000010
0.000010
0.000010
0.000010
0.000010
0.000010
0.000010
0.000010
0.000010
0.000010
0.000010
0.000010
0.000000
0.000000
0.000000
0.000000
0.000000
0.000000
0.000000
0.000000
0.000000
0.000000
0.000000
0.000000
0.000000
0.000000
0.000000
0.000000
0.000000
0.000000
0.000000
0.000000
0.000000
0.000000
0.000000
0.000000
0.000000
0.000000
0.000000
0.000000
0.000000
0.000000
0.000000
0.000000
0.000000
0.000000
0.000000
0.000000
0.000000
0.000000
0.000000
0.000000
0.000000
0.000000
0.000000
0.000000
0.000000
0.000000
0.000000
0.000000
0.000000
0.000000
0.000000
0.000000
0.000000
0.000000
0.000000
0.000000
0.000000
0.000000
0.000000
0.000000
0.000000
0.000000
0.000000
0.000000
0.000000
0.000000
0.000000
0.000000
0.000000
0.000000
0.000000
0.000000
0.000000
0.000000
0.000000
0.000000
0.000000
0.000000
0.000000
0.000000
0.000000
0.000000
0.000000
0.000000
0.000000
0.000000
0.000000
0.000000
0.000000
0.000000
0.000000
0.000000
0.000000
0.000000
0.000000
0.000000
0.000000
0.000000
0.000000
0.000000
0.000000
0.000000
0.000000
0.000000
0.000000
0.000000
0.000000
0.000000
0.000000
0.000000
0.000000
0.000000
0.000000
0.000000
0.000000
0.000000
0.000000
0.000000
0.000000
0.000000
0.000000
0.000000
0.000000
0.000000
0.000000
0.000000
0.000000
0.000000
0.000000
0.000000
0.000000
0.000000
0.000000
0.000000
0.000000
0.000000
0.000000
0.000000
0.000000
0.000000
0.000000
0.000000
0.000000
0.000000
0.000000
0.000000
0.000000
0.000000
0.000000
0.000000
0.000000
0.000000
0.000000
0.000000
0.000000
0.000000
0.000000
0.000000
0.000000
0.000000
0.000000
0.000000
0.000000
0.000000
0.000000
0.000000
0.000000
0.000000
0.000000
0.000000
0.000000
0.000000
0.000000
0.000000
0.000000
0.000000
0.000000
0.000000
0.000000
0.000000
0.000000
0.000000
0.000000
0.000000
0.000000
0.000000
0.000000
0.000000
0.000000
0.000000
0.000000
0.000000
0.000000
0.000000
0.000000
0.000000
0.000000
0.000000
0.000000
0.000000
0.000000
0.000000
0.000000
0.000000
0.000000
0.000000
0.000000
0.000000
0.000000
0.000000
0.000000
0.000000
0.000000
0.000000
0.000000
0.000000
0.000000
0.000000
0.000000
0.000000
0.000000
0.000000
0.000000
0.000000
0.000000
0.000000
0.000000
0.000000
0.000000
0.000000
0.000000
0.000000
0.000000
0.000000
0.000000
0.000000
0.000000
0.000000
0.000000
0.000000
0.000000
0.000000
0.000000
0.000000
0.000000
0.000000
0.000000
0.000000
0.000000
0.000000
0.000000
0.000000
0.000000
0.000000
0.000000
0.000000
0.000000
0.000000
0.000000
0.000000
0.000000
0.000000
0.000000
0.000000
0.000000
0.000000
0.000000
0.000000
0.000000
0.000000
0.000000
0.000000
0.000000
0.000000
0.000000
0.000000
0.000000
0.000000
0.000000
0.000000
0.000000
0.000000
0.000000
0.000000
0.000000
0.000000
0.000000
0.000000
0.000000
0.000000
0.000000
0.000000
0.000000
0.000000
0.000000
0.000000
0.000000
0.000000
0.000000
0.000000
0.000000
0.000000
0.000000
0.000000
0.000000
0.000000
0.000000
0.000000
0.000000
0.000000
0.000000
0.000000
0.000000
0.000000
0.000000
0.000000
0.000000
0.000000
0.000000
0.000000
0.000000
0.000000
0.000000
0.000000
0.000000
0.000000
0.000000
0.000000
0.000000
0.000000
0.000000
0.000000
0.000000
0.000000
0.000000
0.000000
0.000000
0.000000
0.000000
0.000000
0.000000
0.000000
0.000000
0.000000
0.000000
0.000000
0.000000
0.000000
0.000000
0.000000
0.000000
0.000000
0.000000
0.000000
0.000000
0.000000
0.000000
0.000000
0.000000
0.000000
0.000000
0.000000
0.000000
0.000000
0.000000
0.000000
0.000000
0.000000
0.000000
0.000000
0.000000
0.000000
0.000000
0.000000
0.000000
0.000000
0.000000
0.000000
0.000000
0.000000
0.000000
0.000000
0.000000
0.000000
0.000000
0.000000
0.000000
0.000000
0.000000
0.000000
0.000000
0.000000
0.000000
0.000000
0.000000
0.000000
0.000000
0.000000
0.000000
0.000000
0.000000
0.000000
0.000000
0.000000
0.000000
0.000000
0.000000
0.000000
0.000000
0.000000
0.000000
0.000000
0.000000
0.000000
0.000000
0.000000
0.000000
0.000000
0.000000
0.000000
0.000000
0.000000
0.000000
0.000000
0.000000
0.000000
0.000000
0.000000
0.000000
0.000000
0.000000
0.000000
0.000000
0.000000
0.000000
0.000000
0.000000
0.000000
0.000000
0.000000
0.000000
0.000000
0.000000
0.000000
0.000000
0.000000
0.000000
0.000000
0.000000
0.000000
0.000000
0.000000
0.000000
0.000000
0.000000
0.000000
0.000000
0.000000
0.000000
0.000000
0.000000
0.000000
0.000000
0.000000
0.000000
0.000000
0.000000
0.000000
0.000000
0.000000
0.000000
0.000000
0.000000
0.000000
0.000000
0.000000
0.000000
0.000000
0.000000
0.000000
0.000000
0.000000
0.000000
0.000000
0.000000
0.000000
0.000000
0.000000
0.000000
0.000000
0.000000
0.000000
0.000000
0.000000
0.000000
0.000000
0.000000
0.000000
0.000000
0.000000
0.000000
0.000000
0.000000
0.000000
0.000000
0.000000
0.000000
0.000000
0.000000
0.000000
0.000000
0.000000
0.000000
0.000000
0.000000
0.000000
0.000000
0.000000
0.000000
0.000000
0.000000
0.000000
0.000000
0.000000
0.000000
0.000000
0.000000
0.000000
0.000000
0.000000
0.000000
0.000000
0.000000
0.000000
0.000000
0.000000
0.000000
0.000000
0.000000
0.000000
0.000000
0.000000
0.000000
0.000000
0.000000
0.000000
0.000000
0.000000
0.000000
0.000000
0.000000
0.000000
0.000000
0.000000
0.000000
0.000000
0.000000
0.000000
0.000000
0.000000
0.000000
0.000000
0.000000
0.000000
0.000000
0.000000
0.000000
0.000000
0.000000
0.000000
0.000000
0.000000
0.000000
0.000000
0.000000
0.000000
0.000000
0.000000
0.000000
0.000000
0.000000
0.000000
0.000000
0.000000
0.000000
0.000000
0.000000
0.000000
0.000000
0.000000
0.000000
0.000000
0.000000
0.000000
0.000000
0.000000
0.000000
0.000000
0.000000
0.000000
0.000000
0.000000
0.000000
0.000000
0.000000
0.000000
0.000000
0.000000
0.000000
0.000000
0.000000
0.000000
0.000000
0.000000
0.000000
0.000000
0.000000
0.000000
0.000000
0.000000
0.000000
0.000000
0.000000
0.000000
0.000000
0.000000
0.000000
0.000000
0.000000
0.000000
0.000000
0.000000
0.000000
0.000000
0.000000
0.000000
0.000000
0.000000
0.000000
0.000000
0.000000
0.000000
0.000000
0.000000
0.000000
0.000000
0.000000
0.000000
0.000000
0.000000
0.000000
0.000000
0.000000
0.000000
0.000000
0.000000
0.000000
0.000000
0.000000
0.000000
0.000000
0.000000
0.000000
0.000000
0.000000
0.000000
0.000000
0.000000
0.000000
0.000000
0.000000
0.000000
0.000000
0.000000
0.000000
0.000000
0.000000
0.000000
0.000000
0.000000
0.000000
0.000000
0.000000
0.000000
0.000000
0.000000
0.000000
0.000000
0.000000
0.000000
0.000000
0.000000
0.000000
0.000000
0.000000
0.000000
0.000000
0.000000
0.000000
0.000000
0.000000
0.000000
0.000000
0.000000
0.000000
0.000000
0.000000
0.000000
0.000000
0.000000
0.000000
0.000000
0.000000
0.000000
0.000000
0.000000
0.000000
0.000000
0.000000
0.000000
0.000000
0.000000
0.000000
0.000000
0.000000
0.000000
0.000000
0.000000
0.000000
0.000000
0.000000
0.000000
0.000000
0.000000
0.000000
0.000000
0.000000
0.000000
0.000000
0.000000
0.000000
0.000000
0.000000
0.000000
0.000000
0.000000
0.000000
0.000000
0.000000
0.000000
0.000000
0.000000
0.000000
0.000000
0.000000
0.000000
0.000000
0.000000
0.000000
0.000000
0.000000
0.000000
0.000000
0.000000
0.000000
0.000000
0.000000
0.000000
0.000000
0.000000
0.000000
0.000000
0.000000
0.000000
0.000000
0.000000
0.000000
0.000000
0.000000
0.000000
0.000000
0.000000
0.000000
0.000000
0.000000
0.000000
0.000000
0.000000
0.000000
0.000000
0.000000
0.000000
0.000000
0.000000
0.000000
0.000000
0.000000
0.000000
0.000000
0.000000
0.000000
0.000000
0.000000
0.000000
0.000000
0.000000
0.000000
0.000000
0.000000
0.000000
0.000000
0.000000
0.000000
0.000000
0.000000
0.000000
0.000000
0.000000
0.000000
0.000000
0.000000
0.000000
0.000000
0.000000
0.000000
0.000000
0.000000
0.000000
0.000000
0.000000
0.000000
0.000000
0.000000
0.000000
0.000000
0.000000
0.000000
0.000000
0.000000
0.000000
0.000000
0.000000
0.000000
0.000000
0.000000
0.000000
0.000000
0.000000
0.000000
0.000000
0.000000
0.000000
0.000000
0.000000
0.000000
0.000000
0.000000
0.000000
0.000000
0.000000
0.000000
0.000000
0.000000
0.000000
0.000000
0.000000
0.000000
0.000000
0.000000
0.000000
0.000000
0.000000
0.000000
0.000000
0.000000
0.000000
0.000000
0.000000
0.000000
0.000000
0.000000
0.000000
0.000000
0.000000
0.000000
0.000000
0.000000
0.000000
0.000000
0.000000
0.000000
0.000000
0.000000
0.000000
0.000000
0.000000
0.000000
0.000000
0.000000
0.000000
0.000000
0.000000
0.000000
0.000000
0.000000
0.000000
0.000000
0.000000
0.000000
0.000000
0.000000
0.000000
0.000000
0.000000
0.000000
0.000000
0.000000
0.000000
0.000000
0.000000
0.000000
0.000000
0.000000
0.000000
0.000000
0.000000
0.000000
0.000000
0.000000
0.000000
0.000000
0.000000
0.000000
0.000000
0.000000
0.000000
0.000000
0.000000
0.000000
0.000000
0.000000
0.000000
0.000000
0.000000
0.000000
0.000000
0.000000
0.000000
0.000000
0.000000
0.000000
0.000000
0.000000
0.000000
0.000000
0.000000
0.000000
0.000000
0.000000
0.000000
0.000000
0.000000
0.000000
0.000000
0.000000
0.000000
0.000000
0.000000
0.000000
0.000000
0.000000
0.000000
0.000000
0.000000
0.000000
0.000000
0.000000
0.000000
0.000000
0.000000
0.000000
0.000000
0.000000
0.000000
0.000000
0.000000
0.000000
0.000000
0.000000
0.000000
0.000000
0.000000
0.000000
0.000000
0.000000
0.000000
0.000000
0.000000
0.000000
0.000000
0.000000
0.000000
0.000000
0.000000
0.000000
0.000000
0.000000
0.000000
0.000000
0.000000
0.000000
0.000000
0.000000
0.000000
0.000000
0.000000
0.000000
0.000000
0.000000
0.000000
0.000000
0.000000
0.000000
0.000000
0.000000
0.000000
0.000000
0.000000
0.000000
0.000000
0.000000
0.000000
0.000000
0.000000
0.000000
0.000000
0.000000
0.000000
0.000000
0.000000
0.000000
0.000000
0.000000
0.000000
0.000000
0.000000
0.000000
0.000000
0.000000
0.000000
0.000000
0.000000
0.000000
0.000000
0.000000
0.000000
0.000000
0.000000
0.000000
0.000000
0.000000
0.000000
0.000000
0.000000
0.000000
0.000000
0.000000
0.000000
0.000000
0.000000
0.000000
0.000000
0.000000
0.000000
0.000000
0.000000
0.000000
0.000000
0.000000
0.000000
0.000000
0.000000
0.000000
0.000000
0.000000
0.000000
0.000000
0.000000
0.000000
0.000000
0.000000
0.000000
0.000000
0.000000
0.000000
0.000000
0.000000
0.000000
0.000000
0.000000
0.000000
0.000000
0.000000
0.000000
0.000000
0.000000
0.000000
0.000000
0.000000
0.000000
0.000000
0.000000
0.000000
0.000000
0.000000
0.000000
0.000000
0.000000
0.000000
0.000000
0.000000
0.000000
0.000000
0.000000
0.000000
0.000000
0.000000
0.000000
0.000000
0.000000
0.000000
0.000000
0.000000
0.000000
0.000000
0.000000
0.000000
0.000000
0.000000
0.000000
0.000000
0.000000
0.000000
0.000000
0.000000
0.000000
0.000000
0.000000
0.000000
0.000000
0.000000
0.000000
0.000000
0.000000
0.000000
0.000000
0.000000
0.000000
0.000000
0.000000
0.000000
0.000000
0.000000
0.000000
0.000000
0.000000
0.000000
0.000000
0.000000
0.000000
0.000000
0.000000
0.000000
0.000000
0.000000
0.000000
0.000000
0.000000
0.000000
0.000000
0.000000
0.000000
0.000000
0.000000
0.000000
0.000000
0.000000
0.000000
0.000000
0.000000
0.000000
0.000000
0.000000
0.000000
0.000000
0.000000
0.000000
0.000000
0.000000
0.000000
0.000000
0.000000
0.000000
0.000000
0.000000
0.000000
0.000000
0.000000
0.000000
0.000000
0.000000
0.000000
0.000000
0.000000
0.000000
0.000000
0.000000
0.000000
0.000000
0.000000
0.000000
0.000000
0.000000
0.000000
0.000000
0.000000
0.000000
0.000000
0.000000
0.000000
0.000000
0.000000
0.000000
0.000000
0.000000
0.000000
0.000000
0.000000
0.000000
0.000000
0.000000
0.000000
0.000000
0.000000
0.000000
0.000000
0.000000
0.000000
0.000000
0.000000
0.000000
0.000000
0.000000
0.000000
0.000000
0.000000
0.000000
0.000000
0.000000
0.000000
0.000000
0.000000
0.000000
0.000000
0.000000
0.000000
0.000000
0.000000
0.000000
0.000000
0.000000
0.000000
0.000000
0.000000
0.000000
0.000000
0.000000
0.000000
0.000000
0.000000
0.000000
0.000000
0.000000
0.000000
0.000000
0.000000
0.000000
0.000000
0.000000
0.000000
0.000000
0.000000
0.000000
0.000000
0.000000
0.000000
0.000000
0.000000
0.000000
0.000000
0.000000
0.000000
0.000000
0.000000
0.000000
0.000000
0.000000
0.000000
0.000000
0.000000
0.000000
0.000000
0.000000
0.000000
0.000000
0.000000
0.000000
0.000000
0.000000
0.000000
0.000000
0.000000
0.000000
0.000000
0.000000
0.000000
0.000000
0.000000
0.000000
0.000000
0.000000
0.000000
0.000000
0.000000
0.000000
0.000000
0.000000
0.000000
0.000000
0.000000
0.000000
0.000000
0.000000
0.000000
0.000000
0.000000
0.000000
0.000000
0.000000
0.000000
0.000000
0.000000
0.000000
0.000000
0.000000
0.000000
0.000000
0.000000
0.000000
0.000000
0.000000
0.000000
0.000000
0.000000
0.000000
0.000000
0.000000
0.000000
0.000000
0.000000
0.000000
0.000000
0.000000
0.000000
0.000000
0.000000
0.000000
0.000000
0.000000
0.000000
0.000000
0.000000
0.000000
0.000000
0.000000
0.000000
0.000000
0.000000
0.000000
0.000000
0.000000
0.000000
0.000000
0.000000
0.000000
0.000000
0.000000
0.000000
0.000000
0.000000
0.000000
0.000000
0.000000
0.000000
0.000000
0.000000
0.000000
0.000000
0.000000
0.000000
0.000000
0.000000
0.000000
0.000000
0.000000
0.000000
0.000000
0.000000
0.000000
0.000000
0.000000
0.000000
0.000000
0.000000
0.000000
0.000000
0.000000
0.000000
0.000000
0.000000
0.000000
0.000000
0.000000
0.000000
0.000000
0.000000
0.000000
0.000000
0.000000
0.000000
0.000000
0.000000
0.000000
0.000000
0.000000
0.000000
0.000000
0.000000
0.000000
0.000000
0.000000
0.000000
0.000000
0.000000
0.000000
0.000000
0.000000
0.000000
0.000000
0.000000
0.000000
0.000000
0.000000
0.000000
0.000000
0.000000
0.000000
0.000000
0.000000
0.000000
0.000000
0.000000
0.000000
0.000000
0.000000
0.000000
0.000000
0.000000
0.000000
0.000000
0.000000
0.000000
0.000000
0.000000
0.000000
0.000000
0.000000
0.000000
0.000000
0.000000
0.000000
0.000000
0.000000
0.000000
0.000000
0.000000
0.000000
0.000000
0.000000
0.000000
0.000000
0.000000
0.000000
0.000000
0.000000
0.000000
0.000000
0.000000
0.000000
0.000000
0.000000
0.000000
0.000000
0.000000
0.000000
0.000000
0.000000
0.000000
0.000000
0.000000
0.000000
0.000000
0.000000
0.000000
0.000000
0.000000
0.000000
0.000000
0.000000
0.000000
0.000000
0.000000
0.000000
0.000000
0.000000
0.000000
0.000000
0.000000
0.000000
0.000000
0.000000
0.000000
0.000000
0.000000
0.000000
0.000000
0.000000
0.000000
0.000000
0.000000
0.000000
0.000000
0.000000
0.000000
0.000000
0.000000
0.000000
0.000000
0.000000
0.000000
0.000000
0.000000
0.000000
0.000000
0.000000
0.000000
0.000000
0.000000
0.000000
0.000000
0.000000
0.000000
0.000000
0.000000
0.000000
0.000000
0.000000
0.000000
0.000000
0.000000
0.000000
0.000000
0.000000
0.000000
0.000000
0.000000
0.000000
0.000000
0.000000
0.000000
0.000000
0.000000
0.000000
0.000000
0.000000
0.000000
0.000000
0.000000
0.000000
0.000000
0.000000
0.000000
0.000000
0.000000
0.000000
0.000000
0.000000
0.000000
0.000000
0.000000
0.000000
0.000000
0.000000
0.000000
0.000000
0.000000
0.000000
0.000000
0.000000
0.000000
0.000000
0.000000
0.000000
0.000000
0.000000
0.000000
0.000000
0.000000
0.000000
0.000000
0.000000
0.000000
0.000000
0.000000
0.000000
0.000000
0.000000
0.000000
0.000000
0.000000
0.000000
0.000000
0.000000
0.000000
0.000000
0.000000
0.000000
0.000000
0.000000
0.000000
0.000000
0.000000
0.000000
0.000000
0.000000
0.000000
0.000000
0.000000
0.000000
0.000000
0.000000
0.000000
0.000000
0.000000
0.000000
0.000000
0.000000
0.000000
0.000000
0.000000
0.000000
0.000000
0.000000
0.000000
0.000000
0.000000
0.000000
0.000000
0.000000
0.000000
0.000000
0.000000
0.000000
0.000000
0.000000
0.000000
0.000000
0.000000
0.000000
0.000000
0.000000
0.000000
0.000000
0.000000
0.000000
0.000000
0.000000
0.000000
0.000000
0.000000
0.000000
0.000000
0.000000
0.000000
0.000000
0.000000
0.000000
0.000000
0.000000
0.000000
0.000000
0.000000
0.000000
0.000000
0.000000
0.000000
0.000000
0.000000
0.000000
0.000000
0.000000
0.000000
0.000000
0.000000
0.000000
0.000000
0.000000
0.000000
0.000000
0.000000
0.000000
0.000000
0.000000
0.000000
0.000000
0.000000
0.000000
0.000000
0.000000
0.000000
0.000000
0.000000
0.000000
0.000000
0.000000
0.000000
0.000000
0.000000
0.000000
0.000000
0.000000
0.000000
0.000000
0.000000
0.000000
0.000000
0.000000
0.000000
0.000000
0.000000
0.000000
0.000000
0.000000
0.000000
0.000000
0.000000
0.000000
0.000000
0.000000
0.000000
0.000000
0.000000
0.000000
0.000000
0.000000
0.000000
0.000000
0.000000
0.000000
0.000000
0.000000
0.000000
0.000000
0.000000
0.000000
0.000000
0.000000
0.000000
0.000000
0.000000
0.000000
0.000000
0.000000
0.000000
0.000000
0.000000
0.000000
0.000000
0.000000
0.000000
0.000000
0.000000
0.000000
0.000000
0.000000
0.000000
0.000000
0.000000
0.000000
0.000000
0.000000
0.000000
0.000000
0.000000
0.000000
0.000000
0.000000
0.000000
0.000000
0.000000
0.000000
0.000000
0.000000
0.000000
0.000000
0.000000
0.000000
0.000000
0.000000
0.000000
0.000000
0.000000
0.000000
0.000000
0.000000
0.000000
0.000000
0.000000
0.000000
0.000000
0.000000
0.000000
0.000000
0.000000
0.000000
0.000000
0.000000
0.000000
0.000000
0.000000
0.000000
0.000000
0.000000
0.000000
0.000000
0.000000
0.000000
0.000000
0.000000
0.000000
0.000000
0.000000
0.000000
0.000000
0.000000
0.000000
0.000000
0.000000
0.000000
0.000000
0.000000
0.000000
0.000000
0.000000
0.000000
0.000000
0.000000
0.000000
0.000000
0.000000
0.000000
0.000000
0.000000
0.000000
0.000000
0.000000
0.000000
0.000000
0.000000
0.000000
0.000000
0.000000
0.000000
0.000000
0.000000
0.000000
0.000000
0.000000
0.000000
0.000000
0.000000
0.000000
0.000000
0.000000
0.000000
0.000000
0.000000
0.000000
0.000000
0.000000
0.000000
0.000000
0.000000
0.000000
0.000000
0.000000
0.000000
0.000000
0.000000
0.000000
0.000000
0.000000
0.000000
0.000000
0.000000
0.000000
0.000000
0.000000
0.000000
0.000000
0.000000
0.000000
0.000000
0.000000
0.000000
0.000000
0.000000
0.000000
0.000000
0.000000
0.000000
0.000000
0.000000
0.000000
0.000000
0.000000
0.000000
0.000000
0.000000
0.000000
0.000000
0.000000
0.000000
0.000000
0.000000
0.000000
0.000000
0.000000
0.000000
0.000000
0.000000
0.000000
0.000000
0.000000
0.000000
0.000000
0.000000
0.000000
0.000000
0.000000
0.000000
0.000000
0.000000
0.000000
0.000000
0.000000
0.000000
0.000000
0.000000
0.000000
0.000000
0.000000
0.000000
0.000000
0.000000
0.000000
0.000000
0.000000
0.000000
0.000000
0.000000
0.000000
0.000000
0.000000
0.000000
0.000000
0.000000
0.000000
0.000000
0.000000
0.000000
0.000000
0.000000
0.000000
0.000000
0.000000
0.000000
0.000000
0.000000
0.000000
0.000000
0.000000
0.000000
0.000000
0.000000
0.000000
0.000000
0.000000
0.000000
0.000000
0.000000
0.000000
0.000000
0.000000
0.000000
0.000000
0.000000
0.000000
0.000000
0.000000
0.000000
0.000000
0.000000
0.000000
0.000000
0.000000
0.000000
0.000000
0.000000
0.000000
0.000000
0.000000
0.000000
0.000000
0.000000
0.000000
0.000000
0.000000
0.000000
0.000000
0.000000
0.000000
0.000000
0.000000
0.000000
0.000000
0.000000
0.000000
0.000000
0.000000
0.000000
0.000000
0.000000
0.000000
0.000000
0.000000
0.000000
0.000000
0.000000
0.000000
0.000000
0.000000
0.000000
0.000000
0.000000
0.000000
0.000000
0.000000
0.000000
0.000000
0.000000
0.000000
0.000000
0.000000
0.000000
0.000000
0.000000
0.000000
0.000000
0.000000
0.000000
0.000000
0.000000
0.000000
0.000000
0.000000
0.000000
0.000000
0.000000
0.000000
0.000000
0.000000
0.000000
0.000000
0.000000
0.000000
0.000000
0.000000
0.000000
0.000000
0.000000
0.000000
0.000000
0.000000
0.000000
0.000000
0.000000
0.000000
0.000000
0.000000
0.000000
0.000000
0.000000
0.000000
0.000000
0.000000
0.000000
0.000000
0.000000
0.000000
0.000000
0.000000
0.000000
0.000000
0.000000
0.000000
0.000000
0.000000
0.000000
0.000000
0.000000
0.000000
0.000000
0.000000
0.000000
0.000000
0.000000
0.000000
0.000000
0.000000
0.000000
0.000000
0.000000
0.000000
0.000000
0.000000
0.000000
0.000000
0.000000
0.000000
0.000000
0.000000
0.000000
0.000000
0.000000
0.000000
0.000000
0.000000
0.000000
0.000000
0.000000
0.000000
0.000000
0.000000
0.000000
0.000000
0.000000
0.000000
0.000000
0.000000
0.000000
0.000000
0.000000
0.000000
0.000000
0.000000
0.000000
0.000000
0.000000
0.000000
0.000000
0.000000
0.000000
0.000000
0.000000
0.000000
0.000000
0.000000
0.000000
0.000000
0.000000
0.000000
0.000000
0.000000
0.000000
0.000000
0.000000
0.000000
0.000000
0.000000
0.000000
0.000000
0.000000
0.000000
0.000000
0.000000
0.000000
0.000000
0.000000
0.000000
0.000000
0.000000
0.000000
0.000000
0.000000
0.000000
0.000000
0.000000
0.000000
0.000000
0.000000
0.000000
0.000000
0.000000
0.000000
0.000000
0.000000
0.000000
0.000000
0.000000
0.000000
0.000000
0.000000
0.000000
0.000000
0.000000
0.000000
0.000000
0.000000
0.000000
0.000000
0.000000
0.000000
0.000000
0.000000
0.000000
0.000000
0.000000
0.000000
0.000000
0.000000
0.000000
0.000000
0.000000
0.000000
0.000000
0.000000
0.000000
0.000000
0.000000
0.000000
0.000000
0.000000
0.000000
0.000000
0.000000
0.000000
0.000000
0.000000
0.000000
0.000000
0.000000
0.000000
0.000000
0.000000
0.000000
0.000000
0.000000
0.000000
0.000000
0.000000
0.000000
0.000000
0.000000
0.000000
0.000000
0.000000
0.000000
0.000000
0.000000
0.000000
0.000000
0.000000
0.000000
0.000000
0.000000
0.000000
0.000000
0.000000
0.000000
0.000000
0.000000
0.000000
0.000000
0.000000
0.000000
0.000000
0.000000
0.000000
0.000000
0.000000
0.000000
0.000000
0.000000
0.000000
0.000000
0.000000
0.000000
0.000000
0.000000
0.000000
0.000000
0.000000
0.000000
0.000000
0.000000
0.000000
0.000000
0.000000
0.000000
0.000000
0.000000
0.000000
0.000000
0.000000
0.000000
0.000000
0.000000
0.000000
0.000000
0.000000
0.000000
0.000000
0.000000
0.000000
0.000000
0.000000
0.000000
0.000000
0.000000
0.000000
0.000000
0.000000
0.000000
0.000000
0.000000
0.000000
0.000000
0.000000
0.000000
0.000000
0.000000
0.000000
0.000000
0.000000
0.000000
0.000000
0.000000
0.000000
0.000000
0.000000
0.000000
0.000000
0.000000
0.000000
0.000000
0.000000
0.000000
0.000000
0.000000
0.000000
0.000000
0.000000
0.000000
0.000000
0.000000
0.000000
0.000000
0.000000
0.000000
0.000000
0.000000
0.000000
0.000000
0.000000
0.000000
0.000000
0.000000
0.000000
0.000000
0.000000
0.000000
0.000000
0.000000
0.000000
0.000000
0.000000
0.000000
0.000000
0.000000
0.000000
0.000000
0.000000
0.000000
0.000000
0.000000
0.000000
0.000000
0.000000
0.000000
0.000000
0.000000
0.000000
0.000000
0.000000
0.000000
0.000000
0.000000
0.000000
0.000000
0.000000
0.000000
0.000000
0.000000
0.000000
0.000000
0.000000
0.000000
0.000000
0.000000
0.000000
0.000000
0.000000
0.000000
0.000000
0.000000
0.000000
0.000000
0.000000
0.000000
0.000000
0.000000
0.000000
0.000000
0.000000
0.000000
0.000000
0.000000
0.000000
0.000000
0.000000
0.000000
0.000000
0.000000
0.000000
0.000000
0.000000
0.000000
0.000000
0.000000
0.000000
0.000000
0.000000
0.000000
0.000000
0.000000
0.000000
0.000000
0.000000
0.000000
0.000000
0.000000
0.000000
0.000000
0.000000
0.000000
0.000000
0.000000
0.000000
0.000000
0.000000
0.000000
0.000000
0.000000
0.000000
0.000000
0.000000
0.000000
0.000000
0.000000
0.000000
0.000000
0.000000
0.000000
0.000000
0.000000
0.000000
0.000000
0.000000
0.000000
0.000000
0.000000
0.000000
0.000000
0.000000
0.000000
0.000000
0.000000
0.000000
0.000000
0.000000
0.000000
0.000000
0.000000
0.000000
0.000000
0.000000
0.000000
0.000000
0.000000
0.000000
0.000000
0.000000
0.000000
0.000000
0.000000
0.000000
0.000000
0.000000
0.000000
0.000000
0.000000
0.000000
0.000000
0.000000
0.000000
0.000000
0.000000
0.000000
0.000000
0.000000
0.000000
0.000000
0.000000
0.000000
0.000000
0.000000
0.000000
0.000000
0.000000
0.000000
0.000000
0.000000
0.000000
0.000000
0.000000
0.000000
0.000000
0.000000
0.000000
0.000000
0.000000
0.000000
0.000000
0.000000
0.000000
0.000000
0.000000
0.000000
0.000000
0.000000
0.000000
0.000000
0.000000
0.000000
0.000000
0.000000
0.000000
0.000000
0.000000
0.000000
0.000000
0.000000
0.000000
0.000000
0.000000
0.000000
0.000000
0.000000
0.000000
0.000000
0.000000
0.000000
0.000000
0.000000
0.000000
0.000000
0.000000
0.000000
0.000000
0.000000
0.000000
0.000000
0.000000
0.000000
0.000000
0.000000
0.000000
0.000000
0.000000
0.000000
0.000000
0.000000
0.000000
0.000000
0.000000
0.000000
0.000000
0.000000
0.000000
0.000000
0.000000
0.000000
0.000000
0.000000
0.000000
0.000000
0.000000
0.000000
0.000000
0.000000
0.000000
0.000000
0.000000
0.000000
0.000000
0.000000
0.000000
0.000000
0.000000
0.000000
0.000000
0.000000
0.000000
0.000000
0.000000
0.000000
0.000000
0.000000
0.000000
0.000000
0.000000
0.000000
0.000000
0.000000
0.000000
0.000000
0.000000
0.000000
0.000000
0.000000
0.000000
0.000000
0.000000
0.000000
0.000000
0.000000
0.000000
0.000000
0.000000
0.000000
0.000000
0.000000
0.000000
0.000000
0.000000
0.000000
0.000000
0.000000
0.000000
0.000000
0.000000
0.000000
0.000000
0.000000
0.000000
0.000000
0.000000
0.000000
0.000000
0.000000
0.000000
0.000000
0.000000
0.000000
0.000000
0.000000
0.000000
0.000000
0.000000
0.000000
0.000000
0.000000
0.000000
0.000000
0.000000
0.000000
0.000000
0.000000
0.000000
0.000000
0.000000
0.000000
0.000000
0.000000
0.000000
0.000000
0.000000
0.000000
0.000000
0.000000
0.000000
0.000000
0.000000
0.000000
0.000000
0.000000
0.000000
0.000000
0.000000
0.000000
0.000000
0.000000
0.000000
0.000000
0.000000
0.000000
0.000000
0.000000
0.000000
0.000000
0.000000
0.000000
0.000000
0.000000
0.000000
0.000000
0.000000
0.000000
0.000000
0.000000
0.000000
0.000000
0.000000
0.000000
0.000000
0.000000
0.000000
0.000000
0.000000
0.000000
0.000000
0.000000
0.000000
0.000000
0.000000
0.000000
0.000000
0.000000
0.000000
0.000000
0.000000
0.000000
0.000000
0.000000
0.000000
0.000000
0.000000
0.000000
0.000000
0.000000
0.000000
0.000000
0.000000
0.000000
0.000000
0.000000
0.000000
0.000000
0.000000
0.000000
0.000000
0.000000
0.000000
0.000000
0.000000
0.000000
0.000000
0.000000
0.000000
0.000000
0.000000
0.000000
0.000000
0.000000
0.000000
0.000000
0.000000
0.000000
0.000000
0.000000
0.000000
0.000000
0.000000
0.000000
0.000000
0.000000
0.000000
0.000000
0.000000
0.000000
0.000000
0.000000
0.000000
0.000000
0.000000
0.000000
0.000000
0.000000
0.000000
0.000000
0.000000
0.000000
0.000000
0.000000
0.000000
0.000000
0.000000
0.000000
0.000000
0.000000
0.000000
0.000000
0.000000
0.000000
0.000000
0.000000
0.000000
0.000000
0.000000
0.000000
0.000000
0.000000
0.000000
0.000000
0.000000
0.000000
0.000000
0.000000
0.000000
0.000000
0.000000
0.000000
0.000000
0.000000
0.000000
0.000000
0.000000
0.000000
0.000000
0.000000
0.000000
0.000000
0.000000
0.000000
0.000000
0.000000
0.000000
0.000000
0.000000
0.000000
0.000000
0.000000
0.000000
0.000000
0.000000
0.000000
0.000000
0.000000
0.000000
0.000000
0.000000
0.000000
0.000000
0.000000
0.000000
0.000000
0.000000
0.000000
0.000000
0.000000
0.000000
0.000000
0.000000
0.000000
0.000000
0.000000
0.000000
0.000000
0.000000
0.000000
0.000000
0.000000
0.000000
0.000000
0.000000
0.000000
0.000000
0.000000
0.000000
0.000000
0.000000
0.000000
0.000000
0.000000
0.000000
0.000000
0.000000
0.000000
0.000000
0.000000
0.000000
0.000000
0.000000
0.000000
0.000000
0.000000
0.000000
0.000000
0.000000
0.000000
0.000000
0.000000
0.000000
0.000000
0.000000
0.000000
0.000000
0.000000
0.000000
0.000000
0.000000
0.000000
0.000000
0.000000
0.000000
0.000000
0.000000
0.000000
0.000000
0.000000
0.000000
0.000000
0.000000
0.000000
0.000000
0.000000
0.000000
0.000000
0.000000
0.000000
0.000000
0.000000
0.000000
0.000000
0.000000
0.000000
0.000000
0.000000
0.000000
0.000000
0.000000
0.000000
0.000000
0.000000
0.000000
0.000000
0.000000
0.000000
0.000000
0.000000
0.000000
0.000000
0.000000
0.000000
0.000000
0.000000
0.000000
0.000000
0.000000
0.000000
0.000000
0.000000
0.000000
0.000000
0.000000
0.000000
0.000000
0.000000
0.000000
0.000000
0.000000
0.000000
0.000000
0.000000
0.000000
0.000000
0.000000
0.000000
0.000000
0.000000
0.000000
0.000000
0.000000
0.000000
0.000000
0.000000
0.000000
0.000000
0.000000
0.000000
0.000000
0.000000
0.000000
0.000000
0.000000
0.000000
0.000000
0.000000
0.000000
0.000000
0.000000
0.000000
0.000000
0.000000
0.000000
0.000000
0.000000
0.000000
0.000000
0.000000
0.000000
0.000000
0.000000
0.000000
0.000000
0.000000
0.000000
0.000000
0.000000
0.000000
0.000000
0.000000
0.000000
0.000000
0.000000
0.000000
0.000000
0.000000
0.000000
0.000000
0.000000
0.000000
0.000000
0.000000
0.000000
0.000000
0.000000
0.000000
0.000000
0.000000
0.000000
0.000000
0.000000
0.000000
0.000000
0.000000
0.000000
0.000000
0.000000
0.000000
0.000000
0.000000
0.000000
0.000000
0.000000
0.000000
0.000000
0.000000
0.000000
0.000000
0.000000
0.000000
0.000000
0.000000
0.000000
0.000000
0.000000
0.000000
0.000000
0.000000
0.000000
0.000000
0.000000
0.000000
0.000000
0.000000
0.000000
0.000000
0.000000
0.000000
0.000000
0.000000
0.000000
0.000000
0.000000
0.000000
0.000000
0.000000
0.000000
0.000000
0.000000
0.000000
0.000000
0.000000
0.000000
0.000000
0.000000
0.000000
0.000000
0.000000
0.000000
0.000000
0.000000
0.000000
0.000000
0.000000
0.000000
0.000000
0.000000
0.000000
0.000000
0.000000
0.000000
0.000000
0.000000
0.000000
0.000000
0.000000
0.000000
0.000000
0.000000
0.000000
0.000000
0.000000
0.000000
0.000000
0.000000
0.000000
0.000000
0.000000
0.000000
0.000000
0.000000
0.000000
0.000000
0.000000
0.000000
0.000000
0.000000
0.000000
0.000000
0.000000
0.000000
0.000000
0.000000
0.000000
0.000000
0.000000
0.000000
0.000000
0.000000
0.000000
0.000000
0.000000
0.000000
0.000000
0.000000
0.000000
0.000000
0.000000
0.000000
0.000000
0.000000
0.000000
0.000000
0.000000
0.000000
0.000000
0.000000
0.000000
0.000000
0.000000
0.000000
0.000000
0.000000
0.000000
0.000000
0.000000
0.000000
0.000000
0.000000
0.000000
0.000000
0.000000
0.000000
0.000000
0.000000
0.000000
0.000000
0.000000
0.000000
0.000000
0.000000
0.000000
0.000000
0.000000
0.000000
0.000000
0.000000
0.000000
0.000000
0.000000
0.000000
0.000000
0.000000
0.000000
0.000000
0.000000
0.000000
0.000000
0.000000
0.000000
0.000000
0.000000
0.000000
0.000000
0.000000
0.000000
0.000000
0.000000
0.000000
0.000000
0.000000
0.000000
0.000000
0.000000
0.000000
0.000000
0.000000
0.000000
0.000000
0.000000
0.000000
0.000000
0.000000
0.000000
0.000000
0.000000
0.000000
0.000000
0.000000
0.000000
0.000000
0.000000
0.000000
0.000000
0.000000
0.000000
0.000000
0.000000
0.000000
0.000000
0.000000
0.000000
0.000000
0.000000
0.000000
0.000000
0.000000
0.000000
0.000000
0.000000
0.000000
0.000000
0.000000
0.000000
0.000000
0.000000
0.000000
0.000000
0.000000
0.000000
0.000000
0.000000
0.000000
0.000000
0.000000
0.000000
0.000000
0.000000
0.000000
0.000000
0.000000
0.000000
0.000000
0.000000
0.000000
0.000000
0.000000
0.000000
0.000000
0.000000
0.000000
0.000000
0.000000
0.000000
0.000000
0.000000
0.000000
0.000000
0.000000
0.000000
0.000000
0.000000
0.000000
0.000000
0.000000
0.000000
0.000000
0.000000
0.000000
0.000000
0.000000
0.000000
0.000000
0.000000
0.000000
0.000000
0.000000
0.000000
0.000000
0.000000
0.000000
0.000000
0.000000
0.000000
0.000000
0.000000
0.000000
0.000000
0.000000
0.000000
0.000000
0.000000
0.000000
0.000000
0.000000
0.000000
0.000000
0.000000
0.000000
0.000000
0.000000
0.000000
0.000000
0.000000
0.000000
0.000000
0.000000
0.000000
0.000000
0.000000
0.000000
0.000000
0.000000
0.000000
0.000000
0.000000
0.000000
0.000000
0.000000
0.000000
0.000000
0.000000
0.000000
0.000000
0.000000
0.000000
0.000000
0.000000
0.000000
0.000000
0.000000
0.000000
0.000000
0.000000
0.000000
0.000000
0.000000
0.000000
0.000000
0.000000
0.000000
0.000000
0.000000
0.000000
0.000000
0.000000
0.000000
0.000000
0.000000
0.000000
0.000000
0.000000
0.000000
0.000000
0.000000
0.000000
0.000000
0.000000
0.000000
0.000000
0.000000
0.000000
0.000000
0.000000
0.000000
0.000000
0.000000
0.000000
0.000000
0.000000
