-25.000000
-25.000000
-25.000000
-25.000000
-25.000000
-25.000000
-25.000000
-25.000000
-25.000000
-25.000000
-25.000000
-25.000000
-25.000000
-25.000000
-25.000000
-25.000000
-25.000000
-25.000000
-25.000000
-25.000000
-25.000000
-25.000000
-25.000000
-25.000000
-25.000000
-25.000000
-25.000000
-25.000000
-25.000000
-25.000000
-25.000000
-25.000000
-25.000000
-25.000000
-25.000000
-25.000000
-25.000000
-25.000000
-25.000000
-25.000000
-25.000000
-25.000000
-25.000000
-25.000000
-25.000000
-25.000000
-25.000000
-25.000000
-25.000000
-25.000000
-21.299400
-21.299400
-21.299400
-21.299400
-21.299400
-21.299400
-21.299400
-21.299400
-21.299400
-21.299400
-17.832850
-17.832850
-17.832850
-17.832850
-17.832850
-17.832850
-17.832850
-17.832850
-17.832850
-17.832850
-14.702940
-14.702940
-14.702940
-14.702940
-14.702940
-14.702940
-14.702940
-14.702940
-14.702940
-14.702940
-11.882730
-11.882730
-11.882730
-11.882730
-11.882730
-11.882730
-11.882730
-11.882730
-11.882730
-11.882730
-9.346710
-9.346710
-9.346710
-9.346710
-9.346710
-9.346710
-9.346710
-9.346710
-9.346710
-9.346710
-7.070940
-7.070940
-7.070940
-7.070940
-7.070940
-7.070940
-7.070940
-7.070940
-7.070940
-7.070940
-5.033050
-5.033050
-5.033050
-5.033050
-5.033050
-5.033050
-5.033050
-5.033050
-5.033050
-5.033050
-3.117590
-3.117590
-3.117590
-3.117590
-3.117590
-3.117590
-3.117590
-3.117590
-3.117590
-3.117590
-1.601750
-1.601750
-1.601750
-1.601750
-1.601750
-1.601750
-1.601750
-1.601750
-1.601750
-1.601750
-0.158280
-0.158280
-0.158280
-0.158280
-0.158280
-0.158280
-0.158280
-0.158280
-0.158280
-0.158280
1.121280
1.121280
1.121280
1.121280
1.121280
1.121280
1.121280
1.121280
1.121280
1.121280
2.251810
2.251810
2.251810
2.251810
2.251810
2.251810
2.251810
2.251810
2.251810
2.251810
3.247390
3.247390
3.247390
3.247390
3.247390
3.247390
3.247390
3.247390
3.247390
3.247390
4.120910
4.120910
4.120910
4.120910
4.120910
4.120910
4.120910
4.120910
4.120910
4.120910
4.884080
4.884080
4.884080
4.884080
4.884080
4.884080
4.884080
4.884080
4.884080
4.884080
5.548030
5.548030
5.548030
5.548030
5.548030
5.548030
5.548030
5.548030
5.548030
5.548030
6.720670
6.720670
6.720670
6.720670
6.720670
6.720670
6.720670
6.720670
6.720670
6.720670
8.380430
8.380430
8.380430
8.380430
8.380430
8.380430
8.380430
8.380430
8.380430
8.380430
9.634280
9.634280
9.634280
9.634280
9.634280
9.634280
9.634280
9.634280
9.634280
9.634280
10.540720
10.540720
10.540720
10.540720
10.540720
10.540720
10.540720
10.540720
10.540720
10.540720
11.153220
11.153220
11.153220
11.153220
11.153220
11.153220
11.153220
11.153220
11.153220
11.153220
11.521330
11.521330
11.521330
11.521330
11.521330
11.521330
11.521330
11.521330
11.521330
11.521330
11.689280
11.689280
11.689280
11.689280
11.689280
11.689280
11.689280
11.689280
11.689280
11.689280
11.696440
11.696440
11.696440
11.696440
11.696440
11.696440
11.696440
11.696440
11.696440
11.696440
11.577490
11.577490
11.577490
11.577490
11.577490
11.577490
11.577490
11.577490
11.577490
11.577490
11.363020
11.363020
11.363020
11.363020
11.363020
11.363020
11.363020
11.363020
11.363020
11.363020
11.078470
11.078470
11.078470
11.078470
11.078470
11.078470
11.078470
11.078470
11.078470
11.078470
10.745890
10.745890
10.745890
10.745890
10.745890
10.745890
10.745890
10.745890
10.745890
10.745890
10.383790
10.383790
10.383790
10.383790
10.383790
10.383790
10.383790
10.383790
10.383790
10.383790
10.007380
10.007380
10.007380
10.007380
10.007380
10.007380
10.007380
10.007380
10.007380
10.007380
9.628970
9.628970
9.628970
9.628970
9.628970
9.628970
9.628970
9.628970
9.628970
9.628970
9.258530
9.258530
9.258530
9.258530
9.258530
9.258530
9.258530
9.258530
9.258530
9.258530
8.903060
8.903060
8.903060
8.903060
8.903060
8.903060
8.903060
8.903060
8.903060
8.903060
8.568190
8.568190
8.568190
8.568190
8.568190
8.568190
8.568190
8.568190
8.568190
8.568190
8.257630
8.257630
8.257630
8.257630
8.257630
8.257630
8.257630
8.257630
8.257630
8.257630
0.000000
0.000000
0.000000
0.000000
0.000000
0.000000
0.000000
0.000000
0.000000
0.000000
0.000000
0.000000
0.000000
0.000000
0.000000
0.000000
0.000000
0.000000
0.000000
0.000000
0.000000
0.000000
0.000000
0.000000
0.000000
0.000000
0.000000
0.000000
0.000000
0.000000
0.000000
0.000000
0.000000
0.000000
0.000000
0.000000
0.000000
0.000000
0.000000
0.000000
0.000000
0.000000
0.000000
0.000000
0.000000
0.000000
0.000000
0.000000
0.000000
0.000000
0.000000
0.000000
0.000000
0.000000
0.000000
0.000000
0.000000
0.000000
0.000000
0.000000
0.000000
0.000000
0.000000
0.000000
0.000000
0.000000
0.000000
0.000000
0.000000
0.000000
0.000000
0.000000
0.000000
0.000000
0.000000
0.000000
0.000000
0.000000
0.000000
0.000000
0.000000
0.000000
0.000000
0.000000
0.000000
0.000000
0.000000
0.000000
0.000000
0.000000
0.000000
0.000000
0.000000
0.000000
0.000000
0.000000
0.000000
0.000000
0.000000
0.000000
0.000000
0.000000
0.000000
0.000000
0.000000
0.000000
0.000000
0.000000
0.000000
0.000000
0.000000
0.000000
0.000000
0.000000
0.000000
0.000000
0.000000
0.000000
0.000000
0.000000
0.000000
0.000000
0.000000
0.000000
0.000000
0.000000
0.000000
0.000000
0.000000
0.000000
0.000000
0.000000
0.000000
0.000000
0.000000
0.000000
0.000000
0.000000
0.000000
0.000000
0.000000
0.000000
0.000000
0.000000
0.000000
0.000000
0.000000
0.000000
0.000000
0.000000
0.000000
0.000000
0.000000
0.000000
0.000000
0.000000
0.000000
0.000000
0.000000
0.000000
0.000000
0.000000
0.000000
0.000000
0.000000
0.000000
0.000000
0.000000
0.000000
0.000000
0.000000
0.000000
0.000000
0.000000
0.000000
0.000000
0.000000
0.000000
0.000000
0.000000
0.000000
0.000000
0.000000
0.000000
0.000000
0.000000
0.000000
0.000000
0.000000
0.000000
0.000000
0.000000
0.000000
0.000000
0.000000
0.000000
0.000000
0.000000
0.000000
0.000000
0.000000
0.000000
0.000000
0.000000
0.000000
0.000000
0.000000
0.000000
0.000000
0.000000
0.000000
0.000000
0.000000
0.000000
0.000000
0.000000
0.000000
0.000000
0.000000
0.000000
0.000000
0.000000
0.000000
0.000000
0.000000
0.000000
0.000000
0.000000
0.000000
0.000000
0.000000
0.000000
0.000000
0.000000
0.000000
0.000000
0.000000
0.000000
0.000000
0.000000
0.000000
0.000000
0.000000
0.000000
0.000000
0.000000
0.000000
0.000000
0.000000
0.000000
0.000000
0.000000
0.000000
0.000000
0.000000
0.000000
0.000000
0.000000
0.000000
0.000000
0.000000
0.000000
0.000000
0.000000
0.000000
0.000000
0.000000
0.000000
0.000000
0.000000
0.000000
0.000000
0.000000
0.000000
0.000000
0.000000
0.000000
0.000000
0.000000
0.000000
0.000000
0.000000
0.000000
0.000000
0.000000
0.000000
0.000000
0.000000
0.000000
0.000000
0.000000
0.000000
0.000000
0.000000
0.000000
0.000000
0.000000
0.000000
0.000000
0.000000
0.000000
0.000000
0.000000
0.000000
0.000000
0.000000
0.000000
0.000000
0.000000
0.000000
0.000000
0.000000
0.000000
0.000000
0.000000
0.000000
0.000000
0.000000
0.000000
0.000000
0.000000
0.000000
0.000000
0.000000
0.000000
0.000000
0.000000
0.000000
0.000000
0.000000
0.000000
0.000000
0.000000
0.000000
0.000000
0.000000
0.000000
0.000000
0.000000
0.000000
0.000000
0.000000
0.000000
0.000000
0.000000
0.000000
0.000000
0.000000
0.000000
0.000000
0.000000
0.000000
0.000000
0.000000
0.000000
0.000000
0.000000
0.000000
0.000000
0.000000
0.000000
0.000000
0.000000
0.000000
0.000000
0.000000
0.000000
0.000000
0.000000
0.000000
0.000000
0.000000
0.000000
0.000000
0.000000
0.000000
0.000000
0.000000
0.000000
0.000000
0.000000
0.000000
0.000000
0.000000
0.000000
0.000000
0.000000
0.000000
0.000000
0.000000
0.000000
0.000000
0.000000
0.000000
0.000000
0.000000
0.000000
0.000000
0.000000
0.000000
0.000000
0.000000
0.000000
0.000000
0.000000
0.000000
0.000000
0.000000
0.000000
0.000000
0.000000
0.000000
0.000000
0.000000
0.000000
0.000000
0.000000
0.000000
0.000000
0.000000
0.000000
0.000000
0.000000
0.000000
0.000000
0.000000
0.000000
0.000000
0.000000
0.000000
0.000000
0.000000
0.000000
0.000000
0.000000
0.000000
0.000000
0.000000
0.000000
0.000000
0.000000
0.000000
0.000000
0.000000
0.000000
0.000000
0.000000
0.000000
0.000000
0.000000
0.000000
0.000000
0.000000
0.000000
0.000000
0.000000
0.000000
0.000000
0.000000
0.000000
0.000000
0.000000
0.000000
0.000000
0.000000
0.000000
0.000000
0.000000
0.000000
0.000000
0.000000
0.000000
0.000000
0.000000
0.000000
0.000000
0.000000
0.000000
0.000000
0.000000
0.000000
0.000000
0.000000
0.000000
0.000000
0.000000
0.000000
0.000000
0.000000
0.000000
0.000000
0.000000
0.000000
0.000000
0.000000
0.000000
0.000000
0.000000
0.000000
0.000000
0.000000
0.000000
0.000000
0.000000
0.000000
0.000000
0.000000
0.000000
0.000000
0.000000
0.000000
0.000000
0.000000
0.000000
0.000000
0.000000
0.000000
0.000000
0.000000
0.000000
0.000000
0.000000
0.000000
0.000000
0.000000
0.000000
0.000000
0.000000
0.000000
0.000000
0.000000
0.000000
0.000000
0.000000
0.000000
0.000000
0.000000
0.000000
0.000000
0.000000
0.000000
0.000000
0.000000
0.000000
0.000000
0.000000
0.000000
0.000000
0.000000
0.000000
0.000000
0.000000
0.000000
0.000000
0.000000
0.000000
0.000000
0.000000
0.000000
0.000000
0.000000
0.000000
0.000000
0.000000
0.000000
0.000000
0.000000
0.000000
0.000000
0.000000
0.000000
0.000000
0.000000
0.000000
0.000000
0.000000
0.000000
0.000000
0.000000
0.000000
0.000000
0.000000
0.000000
0.000000
0.000000
0.000000
0.000000
0.000000
0.000000
0.000000
0.000000
0.000000
0.000000
0.000000
0.000000
0.000000
0.000000
0.000000
0.000000
0.000000
0.000000
0.000000
0.000000
0.000000
0.000000
0.000000
0.000000
0.000000
0.000000
0.000000
0.000000
0.000000
0.000000
0.000000
0.000000
0.000000
0.000000
0.000000
0.000000
0.000000
0.000000
0.000000
0.000000
0.000000
0.000000
0.000000
0.000000
0.000000
0.000000
0.000000
0.000000
0.000000
0.000000
0.000000
0.000000
0.000000
0.000000
0.000000
0.000000
0.000000
0.000000
0.000000
0.000000
0.000000
0.000000
0.000000
0.000000
0.000000
0.000000
0.000000
0.000000
0.000000
0.000000
0.000000
0.000000
0.000000
0.000000
0.000000
0.000000
0.000000
0.000000
0.000000
0.000000
0.000000
0.000000
0.000000
0.000000
0.000000
0.000000
0.000000
-25.000000
-25.000000
-25.000000
-25.000000
-25.000000
-25.000000
-25.000000
-25.000000
-25.000000
-25.000000
-25.000000
-25.000000
-25.000000
-25.000000
-25.000000
-25.000000
-25.000000
-25.000000
-25.000000
-25.000000
-25.000000
-25.000000
-25.000000
-25.000000
-25.000000
-25.000000
-25.000000
-25.000000
-25.000000
-25.000000
-25.000000
-25.000000
-25.000000
-25.000000
-25.000000
-25.000000
-25.000000
-25.000000
-25.000000
-25.000000
-25.000000
-25.000000
-25.000000
-25.000000
-25.000000
-25.000000
-25.000000
-25.000000
-25.000000
-25.000000
-25.000000
-25.000000
-25.000000
-25.000000
-25.000000
-25.000000
-25.000000
-25.000000
-25.000000
-25.000000
-25.000000
-25.000000
-25.000000
-25.000000
-25.000000
-25.000000
-25.000000
-25.000000
-25.000000
-25.000000
-25.000000
-25.000000
-25.000000
-25.000000
-25.000000
-25.000000
-25.000000
-25.000000
-25.000000
-25.000000
-25.000000
-25.000000
-25.000000
-25.000000
-25.000000
-25.000000
-25.000000
-25.000000
-25.000000
-25.000000
-25.000000
-25.000000
-25.000000
-25.000000
-25.000000
-25.000000
-25.000000
-25.000000
-25.000000
-25.000000
-25.000000
-25.000000
-25.000000
-25.000000
-25.000000
-25.000000
-25.000000
-25.000000
-25.000000
-25.000000
-25.000000
-25.000000
-25.000000
-25.000000
-25.000000
-25.000000
-25.000000
-25.000000
-25.000000
-25.000000
-25.000000
-25.000000
-25.000000
-25.000000
-25.000000
-25.000000
-25.000000
-25.000000
-25.000000
-25.000000
-25.000000
-25.000000
-25.000000
-25.000000
-25.000000
-25.000000
-25.000000
-25.000000
-25.000000
-25.000000
-25.000000
-25.000000
-25.000000
-25.000000
-25.000000
-25.000000
-25.000000
-25.000000
-25.000000
-25.000000
-25.000000
-25.000000
-25.000000
-25.000000
-25.000000
-25.000000
-25.000000
-25.000000
-25.000000
-25.000000
-23.393740
-23.393740
-23.393740
-23.393740
-23.393740
-23.393740
-23.393740
-23.393740
-23.393740
-23.393740
-20.346780
-20.346780
-20.346780
-20.346780
-20.346780
-20.346780
-20.346780
-20.346780
-20.346780
-20.346780
-17.624660
-17.624660
-17.624660
-17.624660
-17.624660
-17.624660
-17.624660
-17.624660
-17.624660
-17.624660
-15.198570
-15.198570
-15.198570
-15.198570
-15.198570
-15.198570
-15.198570
-15.198570
-15.198570
-15.198570
-13.042420
-13.042420
-13.042420
-13.042420
-13.042420
-13.042420
-13.042420
-13.042420
-13.042420
-13.042420
-11.132220
-11.132220
-11.132220
-11.132220
-11.132220
-11.132220
-11.132220
-11.132220
-11.132220
-11.132220
-9.100560
-9.100560
-9.100560
-9.100560
-9.100560
-9.100560
-9.100560
-9.100560
-9.100560
-9.100560
-7.097850
-7.097850
-7.097850
-7.097850
-7.097850
-7.097850
-7.097850
-7.097850
-7.097850
-7.097850
-5.399070
-5.399070
-5.399070
-5.399070
-5.399070
-5.399070
-5.399070
-5.399070
-5.399070
-5.399070
-3.971640
-3.971640
-3.971640
-3.971640
-3.971640
-3.971640
-3.971640
-3.971640
-3.971640
-3.971640
-2.785290
-2.785290
-2.785290
-2.785290
-2.785290
-2.785290
-2.785290
-2.785290
-2.785290
-2.785290
-1.812090
-1.812090
-1.812090
-1.812090
-1.812090
-1.812090
-1.812090
-1.812090
-1.812090
-1.812090
0.266760
0.266760
0.266760
0.266760
0.266760
0.266760
0.266760
0.266760
0.266760
0.266760
1.965840
1.965840
1.965840
1.965840
1.965840
1.965840
1.965840
1.965840
1.965840
1.965840
3.164120
3.164120
3.164120
3.164120
3.164120
3.164120
3.164120
3.164120
3.164120
3.164120
3.941480
3.941480
3.941480
3.941480
3.941480
3.941480
3.941480
3.941480
3.941480
3.941480
4.370150
4.370150
4.370150
4.370150
4.370150
4.370150
4.370150
4.370150
4.370150
4.370150
4.514870
4.514870
4.514870
4.514870
4.514870
4.514870
4.514870
4.514870
4.514870
4.514870
4.433030
4.433030
4.433030
4.433030
4.433030
4.433030
4.433030
4.433030
4.433030
4.433030
4.175050
4.175050
4.175050
4.175050
4.175050
4.175050
4.175050
4.175050
4.175050
4.175050
3.784660
3.784660
3.784660
3.784660
3.784660
3.784660
3.784660
3.784660
3.784660
3.784660
3.299400
3.299400
3.299400
3.299400
3.299400
3.299400
3.299400
3.299400
3.299400
3.299400
2.751070
2.751070
2.751070
2.751070
2.751070
2.751070
2.751070
2.751070
2.751070
2.751070
2.166190
2.166190
2.166190
2.166190
2.166190
2.166190
2.166190
2.166190
2.166190
2.166190
1.566540
1.566540
1.566540
1.566540
1.566540
1.566540
1.566540
1.566540
1.566540
1.566540
0.970010
0.970010
0.970010
0.970010
0.970010
0.970010
0.970010
0.970010
0.970010
0.970010
0.389840
0.389840
0.389840
0.389840
0.389840
0.389840
0.389840
0.389840
0.389840
0.389840
0.000000
0.000000
0.000000
0.000000
0.000000
0.000000
0.000000
0.000000
0.000000
0.000000
-0.907450
-0.907450
-0.907450
-0.907450
-0.907450
-0.907450
-0.907450
-0.907450
-0.907450
-0.907450
-1.239650
-1.239650
-1.239650
-1.239650
-1.239650
-1.239650
-1.239650
-1.239650
-1.239650
-1.239650
-1.556870
-1.556870
-1.556870
-1.556870
-1.556870
-1.556870
-1.556870
-1.556870
-1.556870
-1.556870
-1.854080
-1.854080
-1.854080
-1.854080
-1.854080
-1.854080
-1.854080
-1.854080
-1.854080
-1.854080
-2.127990
-2.127990
-2.127990
-2.127990
-2.127990
-2.127990
-2.127990
-2.127990
-2.127990
-2.127990
-2.376610
-2.376610
-2.376610
-2.376610
-2.376610
-2.376610
-2.376610
-2.376610
-2.376610
-2.376610
0.000000
0.000000
0.000000
0.000000
0.000000
0.000000
0.000000
0.000000
0.000000
0.000000
-25.000000
-25.000000
-25.000000
-25.000000
-25.000000
-25.000000
-25.000000
-25.000000
-25.000000
-25.000000
-24.845270
-24.845270
-24.845270
-24.845270
-24.845270
-24.845270
-24.845270
-24.845270
-24.845270
-24.845270
-22.298740
-22.298740
-22.298740
-22.298740
-22.298740
-22.298740
-22.298740
-22.298740
-22.298740
-22.298740
-19.869710
-19.869710
-19.869710
-19.869710
-19.869710
-19.869710
-19.869710
-19.869710
-19.869710
-19.869710
-17.583600
-17.583600
-17.583600
-17.583600
-17.583600
-17.583600
-17.583600
-17.583600
-17.583600
-17.583600
-15.457530
-15.457530
-15.457530
-15.457530
-15.457530
-15.457530
-15.457530
-15.457530
-15.457530
-15.457530
-13.501630
-13.501630
-13.501630
-13.501630
-13.501630
-13.501630
-13.501630
-13.501630
-13.501630
-13.501630
-11.720250
-11.720250
-11.720250
-11.720250
-11.720250
-11.720250
-11.720250
-11.720250
-11.720250
-11.720250
-10.113060
-10.113060
-10.113060
-10.113060
-10.113060
-10.113060
-10.113060
-10.113060
-10.113060
-10.113060
-8.676430
-8.676430
-8.676430
-8.676430
-8.676430
-8.676430
-8.676430
-8.676430
-8.676430
-8.676430
-7.402860
-7.402860
-7.402860
-7.402860
-7.402860
-7.402860
-7.402860
-7.402860
-7.402860
-7.402860
-6.283430
-6.283430
-6.283430
-6.283430
-6.283430
-6.283430
-6.283430
-6.283430
-6.283430
-6.283430
-5.308000
-5.308000
-5.308000
-5.308000
-5.308000
-5.308000
-5.308000
-5.308000
-5.308000
-5.308000
-4.464740
-4.464740
-4.464740
-4.464740
-4.464740
-4.464740
-4.464740
-4.464740
-4.464740
-4.464740
-3.742020
-3.742020
-3.742020
-3.742020
-3.742020
-3.742020
-3.742020
-3.742020
-3.742020
-3.742020
-3.128030
-3.128030
-3.128030
-3.128030
-3.128030
-3.128030
-3.128030
-3.128030
-3.128030
-3.128030
-2.610980
-2.610980
-2.610980
-2.610980
-2.610980
-2.610980
-2.610980
-2.610980
-2.610980
-2.610980
-2.179800
-2.179800
-2.179800
-2.179800
-2.179800
-2.179800
-2.179800
-2.179800
-2.179800
-2.179800
-1.824200
-1.824200
-1.824200
-1.824200
-1.824200
-1.824200
-1.824200
-1.824200
-1.824200
-1.824200
-1.534780
-1.534780
-1.534780
-1.534780
-1.534780
-1.534780
-1.534780
-1.534780
-1.534780
-1.534780
-1.302670
-1.302670
-1.302670
-1.302670
-1.302670
-1.302670
-1.302670
-1.302670
-1.302670
-1.302670
-1.119550
-1.119550
-1.119550
-1.119550
-1.119550
-1.119550
-1.119550
-1.119550
-1.119550
-1.119550
-0.977750
-0.977750
-0.977750
-0.977750
-0.977750
-0.977750
-0.977750
-0.977750
-0.977750
-0.977750
-0.870290
-0.870290
-0.870290
-0.870290
-0.870290
-0.870290
-0.870290
-0.870290
-0.870290
-0.870290
-0.790820
-0.790820
-0.790820
-0.790820
-0.790820
-0.790820
-0.790820
-0.790820
-0.790820
-0.790820
-0.733690
-0.733690
-0.733690
-0.733690
-0.733690
-0.733690
-0.733690
-0.733690
-0.733690
-0.733690
-0.693900
-0.693900
-0.693900
-0.693900
-0.693900
-0.693900
-0.693900
-0.693900
-0.693900
-0.693900
-0.667050
-0.667050
-0.667050
-0.667050
-0.667050
-0.667050
-0.667050
-0.667050
-0.667050
-0.667050
-0.649360
-0.649360
-0.649360
-0.649360
-0.649360
-0.649360
-0.649360
-0.649360
-0.649360
-0.649360
-0.637580
-0.637580
-0.637580
-0.637580
-0.637580
-0.637580
-0.637580
-0.637580
-0.637580
-0.637580
-0.628830
-0.628830
-0.628830
-0.628830
-0.628830
-0.628830
-0.628830
-0.628830
-0.628830
-0.628830
-0.620760
-0.620760
-0.620760
-0.620760
-0.620760
-0.620760
-0.620760
-0.620760
-0.620760
-0.620760
-0.611450
-0.611450
-0.611450
-0.611450
-0.611450
-0.611450
-0.611450
-0.611450
-0.611450
-0.611450
-0.599410
-0.599410
-0.599410
-0.599410
-0.599410
-0.599410
-0.599410
-0.599410
-0.599410
-0.599410
-0.583650
-0.583650
-0.583650
-0.583650
-0.583650
-0.583650
-0.583650
-0.583650
-0.583650
-0.583650
-0.563360
-0.563360
-0.563360
-0.563360
-0.563360
-0.563360
-0.563360
-0.563360
-0.563360
-0.563360
-0.537740
-0.537740
-0.537740
-0.537740
-0.537740
-0.537740
-0.537740
-0.537740
-0.537740
-0.537740
-0.506680
-0.506680
-0.506680
-0.506680
-0.506680
-0.506680
-0.506680
-0.506680
-0.506680
-0.506680
-0.470010
-0.470010
-0.470010
-0.470010
-0.470010
-0.470010
-0.470010
-0.470010
-0.470010
-0.470010
-0.427750
-0.427750
-0.427750
-0.427750
-0.427750
-0.427750
-0.427750
-0.427750
-0.427750
-0.427750
-0.380020
-0.380020
-0.380020
-0.380020
-0.380020
-0.380020
-0.380020
-0.380020
-0.380020
-0.380020
-0.326790
-0.326790
-0.326790
-0.326790
-0.326790
-0.326790
-0.326790
-0.326790
-0.326790
-0.326790
-0.268600
-0.268600
-0.268600
-0.268600
-0.268600
-0.268600
-0.268600
-0.268600
-0.268600
-0.268600
-0.205790
-0.205790
-0.205790
-0.205790
-0.205790
-0.205790
-0.205790
-0.205790
-0.205790
-0.205790
-0.138720
-0.138720
-0.138720
-0.138720
-0.138720
-0.138720
-0.138720
-0.138720
-0.138720
-0.138720
-0.067790
-0.067790
-0.067790
-0.067790
-0.067790
-0.067790
-0.067790
-0.067790
-0.067790
-0.067790
0.006610
0.006610
0.006610
0.006610
0.006610
0.006610
0.006610
0.006610
0.006610
0.006610
0.084090
0.084090
0.084090
0.084090
0.084090
0.084090
0.084090
0.084090
0.084090
0.084090
0.164270
0.164270
0.164270
0.164270
0.164270
0.164270
0.164270
0.164270
0.164270
0.164270
0.246790
0.246790
0.246790
0.246790
0.246790
0.246790
0.246790
0.246790
0.246790
0.246790
0.331310
0.331310
0.331310
0.331310
0.331310
0.331310
0.331310
0.331310
0.331310
0.331310
0.417520
0.417520
0.417520
0.417520
0.417520
0.417520
0.417520
0.417520
0.417520
0.417520
0.505120
0.505120
0.505120
0.505120
0.505120
0.505120
0.505120
0.505120
0.505120
0.505120
0.593860
0.593860
0.593860
0.593860
0.593860
0.593860
0.593860
0.593860
0.593860
0.593860
0.683500
0.683500
0.683500
0.683500
0.683500
0.683500
0.683500
0.683500
0.683500
0.683500
0.773820
0.773820
0.773820
0.773820
0.773820
0.773820
0.773820
0.773820
0.773820
0.773820
0.864650
0.864650
0.864650
0.864650
0.864650
0.864650
0.864650
0.864650
0.864650
0.864650
0.955830
0.955830
0.955830
0.955830
0.955830
0.955830
0.955830
0.955830
0.955830
0.955830
1.047220
1.047220
1.047220
1.047220
1.047220
1.047220
1.047220
1.047220
1.047220
1.047220
1.138710
1.138710
1.138710
1.138710
1.138710
1.138710
1.138710
1.138710
1.138710
1.138710
1.230200
1.230200
1.230200
1.230200
1.230200
1.230200
1.230200
1.230200
1.230200
1.230200
1.321610
1.321610
1.321610
1.321610
1.321610
1.321610
1.321610
1.321610
1.321610
1.321610
1.412890
1.412890
1.412890
1.412890
1.412890
1.412890
1.412890
1.412890
1.412890
1.412890
1.503970
1.503970
1.503970
1.503970
1.503970
1.503970
1.503970
1.503970
1.503970
1.503970
1.594830
1.594830
1.594830
1.594830
1.594830
1.594830
1.594830
1.594830
1.594830
1.594830
1.685440
1.685440
1.685440
1.685440
1.685440
1.685440
1.685440
1.685440
1.685440
1.685440
1.775780
1.775780
1.775780
1.775780
1.775780
1.775780
1.775780
1.775780
1.775780
1.775780
1.865840
1.865840
1.865840
1.865840
1.865840
1.865840
1.865840
1.865840
1.865840
1.865840
1.955620
1.955620
1.955620
1.955620
1.955620
1.955620
1.955620
1.955620
1.955620
1.955620
2.045110
2.045110
2.045110
2.045110
2.045110
2.045110
2.045110
2.045110
2.045110
2.045110
2.134330
2.134330
2.134330
2.134330
2.134330
2.134330
2.134330
2.134330
2.134330
2.134330
2.223290
2.223290
2.223290
2.223290
2.223290
2.223290
2.223290
2.223290
2.223290
2.223290
2.311990
2.311990
2.311990
2.311990
2.311990
2.311990
2.311990
2.311990
2.311990
2.311990
2.400440
2.400440
2.400440
2.400440
2.400440
2.400440
2.400440
2.400440
2.400440
2.400440
2.488660
2.488660
2.488660
2.488660
2.488660
2.488660
2.488660
2.488660
2.488660
2.488660
2.576660
2.576660
2.576660
2.576660
2.576660
2.576660
2.576660
2.576660
2.576660
2.576660
2.664460
2.664460
2.664460
2.664460
2.664460
2.664460
2.664460
2.664460
2.664460
2.664460
2.752070
2.752070
2.752070
2.752070
2.752070
2.752070
2.752070
2.752070
2.752070
2.752070
2.839510
2.839510
2.839510
2.839510
2.839510
2.839510
2.839510
2.839510
2.839510
2.839510
2.926780
2.926780
2.926780
2.926780
2.926780
2.926780
2.926780
2.926780
2.926780
2.926780
3.013900
3.013900
3.013900
3.013900
3.013900
3.013900
3.013900
3.013900
3.013900
3.013900
3.100880
3.100880
3.100880
3.100880
3.100880
3.100880
3.100880
3.100880
3.100880
3.100880
3.187730
3.187730
3.187730
3.187730
3.187730
3.187730
3.187730
3.187730
3.187730
3.187730
3.274460
3.274460
3.274460
3.274460
3.274460
3.274460
3.274460
3.274460
3.274460
3.274460
3.361080
3.361080
3.361080
3.361080
3.361080
3.361080
3.361080
3.361080
3.361080
3.361080
3.447590
3.447590
3.447590
3.447590
3.447590
3.447590
3.447590
3.447590
3.447590
3.447590
3.534010
3.534010
3.534010
3.534010
3.534010
3.534010
3.534010
3.534010
3.534010
3.534010
3.620330
3.620330
3.620330
3.620330
3.620330
3.620330
3.620330
3.620330
3.620330
3.620330
3.706570
3.706570
3.706570
3.706570
3.706570
3.706570
3.706570
3.706570
3.706570
3.706570
3.792720
3.792720
3.792720
3.792720
3.792720
3.792720
3.792720
3.792720
3.792720
3.792720
3.878790
3.878790
3.878790
3.878790
3.878790
3.878790
3.878790
3.878790
3.878790
3.878790
3.964790
3.964790
3.964790
3.964790
3.964790
3.964790
3.964790
3.964790
3.964790
3.964790
4.050710
4.050710
4.050710
4.050710
4.050710
4.050710
4.050710
4.050710
4.050710
4.050710
4.136560
4.136560
4.136560
4.136560
4.136560
4.136560
4.136560
4.136560
4.136560
4.136560
4.222340
4.222340
4.222340
4.222340
4.222340
4.222340
4.222340
4.222340
4.222340
4.222340
4.308050
4.308050
4.308050
4.308050
4.308050
4.308050
4.308050
4.308050
4.308050
4.308050
4.393690
4.393690
4.393690
4.393690
4.393690
4.393690
4.393690
4.393690
4.393690
4.393690
4.479260
4.479260
4.479260
4.479260
4.479260
4.479260
4.479260
4.479260
4.479260
4.479260
4.564760
4.564760
4.564760
4.564760
4.564760
4.564760
4.564760
4.564760
4.564760
4.564760
4.650190
4.650190
4.650190
4.650190
4.650190
4.650190
4.650190
4.650190
4.650190
4.650190
4.735550
4.735550
4.735550
4.735550
4.735550
4.735550
4.735550
4.735550
4.735550
4.735550
4.820840
4.820840
4.820840
4.820840
4.820840
4.820840
4.820840
4.820840
4.820840
4.820840
4.906060
4.906060
4.906060
4.906060
4.906060
4.906060
4.906060
4.906060
4.906060
4.906060
4.991210
4.991210
4.991210
4.991210
4.991210
4.991210
4.991210
4.991210
4.991210
4.991210
5.076300
5.076300
5.076300
5.076300
5.076300
5.076300
5.076300
5.076300
5.076300
5.076300
5.161310
5.161310
5.161310
5.161310
5.161310
5.161310
5.161310
5.161310
5.161310
5.161310
5.246250
5.246250
5.246250
5.246250
5.246250
5.246250
5.246250
5.246250
5.246250
5.246250
5.331110
5.331110
5.331110
5.331110
5.331110
5.331110
5.331110
5.331110
5.331110
5.331110
5.415910
5.415910
5.415910
5.415910
5.415910
5.415910
5.415910
5.415910
5.415910
5.415910
5.500630
5.500630
5.500630
5.500630
5.500630
5.500630
5.500630
5.500630
5.500630
5.500630
5.585280
5.585280
5.585280
5.585280
5.585280
5.585280
5.585280
5.585280
5.585280
5.585280
5.669860
5.669860
5.669860
5.669860
5.669860
5.669860
5.669860
5.669860
5.669860
5.669860
5.754360
5.754360
5.754360
5.754360
5.754360
5.754360
5.754360
5.754360
5.754360
5.754360
5.838790
5.838790
5.838790
5.838790
5.838790
5.838790
5.838790
5.838790
5.838790
5.838790
5.923150
5.923150
5.923150
5.923150
5.923150
5.923150
5.923150
5.923150
5.923150
5.923150
6.007430
6.007430
6.007430
6.007430
6.007430
6.007430
6.007430
6.007430
6.007430
6.007430
6.091640
6.091640
6.091640
6.091640
6.091640
6.091640
6.091640
6.091640
6.091640
6.091640
6.175770
6.175770
6.175770
6.175770
6.175770
6.175770
6.175770
6.175770
6.175770
6.175770
6.259830
6.259830
6.259830
6.259830
6.259830
6.259830
6.259830
6.259830
6.259830
6.259830
6.343810
6.343810
6.343810
6.343810
6.343810
6.343810
6.343810
6.343810
6.343810
6.343810
6.427720
6.427720
6.427720
6.427720
6.427720
6.427720
6.427720
6.427720
6.427720
6.427720
6.511560
6.511560
6.511560
6.511560
6.511560
6.511560
6.511560
6.511560
6.511560
6.511560
6.595310
6.595310
6.595310
6.595310
6.595310
6.595310
6.595310
6.595310
6.595310
6.595310
6.679000
6.679000
6.679000
6.679000
6.679000
6.679000
6.679000
6.679000
6.679000
6.679000
6.762610
6.762610
6.762610
6.762610
6.762610
6.762610
6.762610
6.762610
6.762610
6.762610
6.846140
6.846140
6.846140
6.846140
6.846140
6.846140
6.846140
6.846140
6.846140
6.846140
6.929600
6.929600
6.929600
6.929600
6.929600
6.929600
6.929600
6.929600
6.929600
6.929600
7.012990
7.012990
7.012990
7.012990
7.012990
7.012990
7.012990
7.012990
7.012990
7.012990
7.096300
7.096300
7.096300
7.096300
7.096300
7.096300
7.096300
7.096300
7.096300
7.096300
7.179530
7.179530
7.179530
7.179530
7.179530
7.179530
7.179530
7.179530
7.179530
7.179530
7.262700
7.262700
7.262700
7.262700
7.262700
7.262700
7.262700
7.262700
7.262700
7.262700
7.345790
7.345790
7.345790
7.345790
7.345790
7.345790
7.345790
7.345790
7.345790
7.345790
7.428800
7.428800
7.428800
7.428800
7.428800
7.428800
7.428800
7.428800
7.428800
7.428800
7.511740
7.511740
7.511740
7.511740
7.511740
7.511740
7.511740
7.511740
7.511740
7.511740
7.594610
7.594610
7.594610
7.594610
7.594610
7.594610
7.594610
7.594610
7.594610
7.594610
7.677400
7.677400
7.677400
7.677400
7.677400
7.677400
7.677400
7.677400
7.677400
7.677400
7.760110
7.760110
7.760110
7.760110
7.760110
7.760110
7.760110
7.760110
7.760110
7.760110
7.842760
7.842760
7.842760
7.842760
7.842760
7.842760
7.842760
7.842760
7.842760
7.842760
7.925330
7.925330
7.925330
7.925330
7.925330
7.925330
7.925330
7.925330
7.925330
7.925330
8.007820
8.007820
8.007820
8.007820
8.007820
8.007820
8.007820
8.007820
8.007820
8.007820
8.090250
8.090250
8.090250
8.090250
8.090250
8.090250
8.090250
8.090250
8.090250
8.090250
8.172600
8.172600
8.172600
8.172600
8.172600
8.172600
8.172600
8.172600
8.172600
8.172600
8.254870
8.254870
8.254870
8.254870
8.254870
8.254870
8.254870
8.254870
8.254870
8.254870
8.337080
8.337080
8.337080
8.337080
8.337080
8.337080
8.337080
8.337080
8.337080
8.337080
8.419210
8.419210
8.419210
8.419210
8.419210
8.419210
8.419210
8.419210
8.419210
8.419210
8.501260
8.501260
8.501260
8.501260
8.501260
8.501260
8.501260
8.501260
8.501260
8.501260
8.583240
8.583240
8.583240
8.583240
8.583240
8.583240
8.583240
8.583240
8.583240
8.583240
8.665150
8.665150
8.665150
8.665150
8.665150
8.665150
8.665150
8.665150
8.665150
8.665150
8.746990
8.746990
8.746990
8.746990
8.746990
8.746990
8.746990
8.746990
8.746990
8.746990
8.828760
8.828760
8.828760
8.828760
8.828760
8.828760
8.828760
8.828760
8.828760
8.828760
8.910450
8.910450
8.910450
8.910450
8.910450
8.910450
8.910450
8.910450
8.910450
8.910450
8.992070
8.992070
8.992070
8.992070
8.992070
8.992070
8.992070
8.992070
8.992070
8.992070
9.073610
9.073610
9.073610
9.073610
9.073610
9.073610
9.073610
9.073610
9.073610
9.073610
9.155080
9.155080
9.155080
9.155080
9.155080
9.155080
9.155080
9.155080
9.155080
9.155080
9.236480
9.236480
9.236480
9.236480
9.236480
9.236480
9.236480
9.236480
9.236480
9.236480
9.357480
9.357480
9.357480
9.357480
9.357480
9.357480
9.357480
9.357480
9.357480
9.357480
10.192400
10.192400
10.192400
10.192400
10.192400
10.192400
10.192400
10.192400
10.192400
10.192400
10.941410
10.941410
10.941410
10.941410
10.941410
10.941410
10.941410
10.941410
10.941410
10.941410
11.611430
11.611430
11.611430
11.611430
11.611430
11.611430
11.611430
11.611430
11.611430
11.611430
12.208590
12.208590
12.208590
12.208590
12.208590
12.208590
12.208590
12.208590
12.208590
12.208590
12.736430
12.736430
12.736430
12.736430
12.736430
12.736430
12.736430
12.736430
12.736430
12.736430
13.199300
13.199300
13.199300
13.199300
13.199300
13.199300
13.199300
13.199300
13.199300
13.199300
13.603770
13.603770
13.603770
13.603770
13.603770
13.603770
13.603770
13.603770
13.603770
13.603770
13.954280
13.954280
13.954280
13.954280
13.954280
13.954280
13.954280
13.954280
13.954280
13.954280
14.254960
14.254960
14.254960
14.254960
14.254960
14.254960
14.254960
14.254960
14.254960
14.254960
14.509720
14.509720
14.509720
14.509720
14.509720
14.509720
14.509720
14.509720
14.509720
14.509720
14.465790
14.465790
14.465790
14.465790
14.465790
14.465790
14.465790
14.465790
14.465790
14.465790
14.508520
14.508520
14.508520
14.508520
14.508520
14.508520
14.508520
14.508520
14.508520
14.508520
14.619140
14.619140
14.619140
14.619140
14.619140
14.619140
14.619140
14.619140
14.619140
14.619140
14.683070
14.683070
14.683070
14.683070
14.683070
14.683070
14.683070
14.683070
14.683070
14.683070
14.599070
14.599070
14.599070
14.599070
14.599070
14.599070
14.599070
14.599070
14.599070
14.599070
14.962890
14.962890
14.962890
14.962890
14.962890
14.962890
14.962890
14.962890
14.962890
14.962890
15.264780
15.264780
15.264780
15.264780
15.264780
15.264780
15.264780
15.264780
15.264780
15.264780
15.509830
15.509830
15.509830
15.509830
15.509830
15.509830
15.509830
15.509830
15.509830
15.509830
15.702700
15.702700
15.702700
15.702700
15.702700
15.702700
15.702700
15.702700
15.702700
15.702700
15.848100
15.848100
15.848100
15.848100
15.848100
15.848100
15.848100
15.848100
15.848100
15.848100
15.950100
15.950100
15.950100
15.950100
15.950100
15.950100
15.950100
15.950100
15.950100
15.950100
16.012660
16.012660
16.012660
16.012660
16.012660
16.012660
16.012660
16.012660
16.012660
16.012660
16.039440
16.039440
16.039440
16.039440
16.039440
16.039440
16.039440
16.039440
16.039440
16.039440
16.033830
16.033830
16.033830
16.033830
16.033830
16.033830
16.033830
16.033830
16.033830
16.033830
15.656630
15.656630
15.656630
15.656630
15.656630
15.656630
15.656630
15.656630
15.656630
15.656630
15.528140
15.528140
15.528140
15.528140
15.528140
15.528140
15.528140
15.528140
15.528140
15.528140
15.559060
15.559060
15.559060
15.559060
15.559060
15.559060
15.559060
15.559060
15.559060
15.559060
15.552790
15.552790
15.552790
15.552790
15.552790
15.552790
15.552790
15.552790
15.552790
15.552790
15.513730
15.513730
15.513730
15.513730
15.513730
15.513730
15.513730
15.513730
15.513730
15.513730
15.262980
15.262980
15.262980
15.262980
15.262980
15.262980
15.262980
15.262980
15.262980
15.262980
14.597270
14.597270
14.597270
14.597270
14.597270
14.597270
14.597270
14.597270
14.597270
14.597270
13.994370
13.994370
13.994370
13.994370
13.994370
13.994370
13.994370
13.994370
13.994370
13.994370
13.941330
13.941330
13.941330
13.941330
13.941330
13.941330
13.941330
13.941330
13.941330
13.941330
14.430260
14.430260
14.430260
14.430260
14.430260
14.430260
14.430260
14.430260
14.430260
14.430260
14.807670
14.807670
14.807670
14.807670
14.807670
14.807670
14.807670
14.807670
14.807670
14.807670
15.083660
15.083660
15.083660
15.083660
15.083660
15.083660
15.083660
15.083660
15.083660
15.083660
15.267840
15.267840
15.267840
15.267840
15.267840
15.267840
15.267840
15.267840
15.267840
15.267840
15.369100
15.369100
15.369100
15.369100
15.369100
15.369100
15.369100
15.369100
15.369100
15.369100
15.396010
15.396010
15.396010
15.396010
15.396010
15.396010
15.396010
15.396010
15.396010
15.396010
15.356300
15.356300
15.356300
15.356300
15.356300
15.356300
15.356300
15.356300
15.356300
15.356300
15.257220
15.257220
15.257220
15.257220
15.257220
15.257220
15.257220
15.257220
15.257220
15.257220
15.105630
15.105630
15.105630
15.105630
15.105630
15.105630
15.105630
15.105630
15.105630
15.105630
14.908090
14.908090
14.908090
14.908090
14.908090
14.908090
14.908090
14.908090
14.908090
14.908090
14.639010
14.639010
14.639010
14.639010
14.639010
14.639010
14.639010
14.639010
14.639010
14.639010
14.360630
14.360630
14.360630
14.360630
14.360630
14.360630
14.360630
14.360630
14.360630
14.360630
14.053740
14.053740
14.053740
14.053740
14.053740
14.053740
14.053740
14.053740
14.053740
14.053740
13.723260
13.723260
13.723260
13.723260
13.723260
13.723260
13.723260
13.723260
13.723260
13.723260
13.373160
13.373160
13.373160
13.373160
13.373160
13.373160
13.373160
13.373160
13.373160
13.373160
13.007540
13.007540
13.007540
13.007540
13.007540
13.007540
13.007540
13.007540
13.007540
13.007540
12.631070
12.631070
12.631070
12.631070
12.631070
12.631070
12.631070
12.631070
12.631070
12.631070
12.246130
12.246130
12.246130
12.246130
12.246130
12.246130
12.246130
12.246130
12.246130
12.246130
11.856450
11.856450
11.856450
11.856450
11.856450
11.856450
11.856450
11.856450
11.856450
11.856450
11.465010
11.465010
11.465010
11.465010
11.465010
11.465010
11.465010
11.465010
11.465010
11.465010
11.075060
11.075060
11.075060
11.075060
11.075060
11.075060
11.075060
11.075060
11.075060
11.075060
10.688960
10.688960
10.688960
10.688960
10.688960
10.688960
10.688960
10.688960
10.688960
10.688960
10.308990
10.308990
10.308990
10.308990
10.308990
10.308990
10.308990
10.308990
10.308990
10.308990
9.937350
9.937350
9.937350
9.937350
9.937350
9.937350
9.937350
9.937350
9.937350
9.937350
9.575440
9.575440
9.575440
9.575440
9.575440
9.575440
9.575440
9.575440
9.575440
9.575440
9.225500
9.225500
9.225500
9.225500
9.225500
9.225500
9.225500
9.225500
9.225500
9.225500
8.889010
8.889010
8.889010
8.889010
8.889010
8.889010
8.889010
8.889010
8.889010
8.889010
8.566990
8.566990
8.566990
8.566990
8.566990
8.566990
8.566990
8.566990
8.566990
8.566990
8.260050
8.260050
8.260050
8.260050
8.260050
8.260050
8.260050
8.260050
8.260050
8.260050
7.969030
7.969030
7.969030
7.969030
7.969030
7.969030
7.969030
7.969030
7.969030
7.969030
7.694700
7.694700
7.694700
7.694700
7.694700
7.694700
7.694700
7.694700
7.694700
7.694700
7.437200
7.437200
7.437200
7.437200
7.437200
7.437200
7.437200
7.437200
7.437200
7.437200
7.196690
7.196690
7.196690
7.196690
7.196690
7.196690
7.196690
7.196690
7.196690
7.196690
6.973100
6.973100
6.973100
6.973100
6.973100
6.973100
6.973100
6.973100
6.973100
6.973100
6.766320
6.766320
6.766320
6.766320
6.766320
6.766320
6.766320
6.766320
6.766320
6.766320
6.575980
6.575980
6.575980
6.575980
6.575980
6.575980
6.575980
6.575980
6.575980
6.575980
6.401690
6.401690
6.401690
6.401690
6.401690
6.401690
6.401690
6.401690
6.401690
6.401690
6.242990
6.242990
6.242990
6.242990
6.242990
6.242990
6.242990
6.242990
6.242990
6.242990
6.099210
6.099210
6.099210
6.099210
6.099210
6.099210
6.099210
6.099210
6.099210
6.099210
5.969670
5.969670
5.969670
5.969670
5.969670
5.969670
5.969670
5.969670
5.969670
5.969670
5.853770
5.853770
5.853770
5.853770
5.853770
5.853770
5.853770
5.853770
5.853770
5.853770
5.750640
5.750640
5.750640
5.750640
5.750640
5.750640
5.750640
5.750640
5.750640
5.750640
5.659560
5.659560
5.659560
5.659560
5.659560
5.659560
5.659560
5.659560
5.659560
5.659560
5.579680
5.579680
5.579680
5.579680
5.579680
5.579680
5.579680
5.579680
5.579680
5.579680
5.510350
5.510350
5.510350
5.510350
5.510350
5.510350
5.510350
5.510350
5.510350
5.510350
5.450650
5.450650
5.450650
5.450650
5.450650
5.450650
5.450650
5.450650
5.450650
5.450650
5.399800
5.399800
5.399800
5.399800
5.399800
5.399800
5.399800
5.399800
5.399800
5.399800
5.357070
5.357070
5.357070
5.357070
5.357070
5.357070
5.357070
5.357070
5.357070
5.357070
5.321810
5.321810
5.321810
5.321810
5.321810
5.321810
5.321810
5.321810
5.321810
5.321810
5.293220
5.293220
5.293220
5.293220
5.293220
5.293220
5.293220
5.293220
5.293220
5.293220
5.270660
5.270660
5.270660
5.270660
5.270660
5.270660
5.270660
5.270660
5.270660
5.270660
5.253460
5.253460
5.253460
5.253460
5.253460
5.253460
5.253460
5.253460
5.253460
5.253460
5.241060
5.241060
5.241060
5.241060
5.241060
5.241060
5.241060
5.241060
5.241060
5.241060
5.232860
5.232860
5.232860
5.232860
5.232860
5.232860
5.232860
5.232860
5.232860
5.232860
5.228330
5.228330
5.228330
5.228330
5.228330
5.228330
5.228330
5.228330
5.228330
5.228330
5.226990
5.226990
5.226990
5.226990
5.226990
5.226990
5.226990
5.226990
5.226990
5.226990
5.228350
5.228350
5.228350
5.228350
5.228350
5.228350
5.228350
5.228350
5.228350
5.228350
5.231990
5.231990
5.231990
5.231990
5.231990
5.231990
5.231990
5.231990
5.231990
5.231990
5.237540
5.237540
5.237540
5.237540
5.237540
5.237540
5.237540
5.237540
5.237540
5.237540
5.244610
5.244610
5.244610
5.244610
5.244610
5.244610
5.244610
5.244610
5.244610
5.244610
5.252890
5.252890
5.252890
5.252890
5.252890
5.252890
5.252890
5.252890
5.252890
5.252890
5.262030
5.262030
5.262030
5.262030
5.262030
5.262030
5.262030
5.262030
5.262030
5.262030
5.271830
5.271830
5.271830
5.271830
5.271830
5.271830
5.271830
5.271830
5.271830
5.271830
5.282010
5.282010
5.282010
5.282010
5.282010
5.282010
5.282010
5.282010
5.282010
5.282010
5.292330
5.292330
5.292330
5.292330
5.292330
5.292330
5.292330
5.292330
5.292330
5.292330
5.302570
5.302570
5.302570
5.302570
5.302570
5.302570
5.302570
5.302570
5.302570
5.302570
5.312290
5.312290
5.312290
5.312290
5.312290
5.312290
5.312290
5.312290
5.312290
5.312290
5.322020
5.322020
5.322020
5.322020
5.322020
5.322020
5.322020
5.322020
5.322020
5.322020
5.331020
5.331020
5.331020
5.331020
5.331020
5.331020
5.331020
5.331020
5.331020
5.331020
5.339190
5.339190
5.339190
5.339190
5.339190
5.339190
5.339190
5.339190
5.339190
5.339190
5.346750
5.346750
5.346750
5.346750
5.346750
5.346750
5.346750
5.346750
5.346750
5.346750
5.353440
5.353440
5.353440
5.353440
5.353440
5.353440
5.353440
5.353440
5.353440
5.353440
5.359160
5.359160
5.359160
5.359160
5.359160
5.359160
5.359160
5.359160
5.359160
5.359160
5.363950
5.363950
5.363950
5.363950
5.363950
5.363950
5.363950
5.363950
5.363950
5.363950
5.367470
5.367470
5.367470
5.367470
5.367470
5.367470
5.367470
5.367470
5.367470
5.367470
5.370020
5.370020
5.370020
5.370020
5.370020
5.370020
5.370020
5.370020
5.370020
5.370020
5.371250
5.371250
5.371250
5.371250
5.371250
5.371250
5.371250
5.371250
5.371250
5.371250
5.371420
5.371420
5.371420
5.371420
5.371420
5.371420
5.371420
5.371420
5.371420
5.371420
5.370510
5.370510
5.370510
5.370510
5.370510
5.370510
5.370510
5.370510
5.370510
5.370510
5.368060
5.368060
5.368060
5.368060
5.368060
5.368060
5.368060
5.368060
5.368060
5.368060
5.364760
5.364760
5.364760
5.364760
5.364760
5.364760
5.364760
5.364760
5.364760
5.364760
5.360270
5.360270
5.360270
5.360270
5.360270
5.360270
5.360270
5.360270
5.360270
5.360270
5.400970
5.400970
5.400970
5.400970
5.400970
5.400970
5.400970
5.400970
5.400970
5.400970
5.446470
5.446470
5.446470
5.446470
5.446470
5.446470
5.446470
5.446470
5.446470
5.446470
5.482430
5.482430
5.482430
5.482430
5.482430
5.482430
5.482430
5.482430
5.482430
5.482430
5.509920
5.509920
5.509920
5.509920
5.509920
5.509920
5.509920
5.509920
5.509920
5.509920
5.529240
5.529240
5.529240
5.529240
5.529240
5.529240
5.529240
5.529240
5.529240
5.529240
5.541180
5.541180
5.541180
5.541180
5.541180
5.541180
5.541180
5.541180
5.541180
5.541180
5.546380
5.546380
5.546380
5.546380
5.546380
5.546380
5.546380
5.546380
5.546380
5.546380
5.545480
5.545480
5.545480
5.545480
5.545480
5.545480
5.545480
5.545480
5.545480
5.545480
5.717770
5.717770
5.717770
5.717770
5.717770
5.717770
5.717770
5.717770
5.717770
5.717770
5.875150
5.875150
5.875150
5.875150
5.875150
5.875150
5.875150
5.875150
5.875150
5.875150
5.999960
5.999960
5.999960
5.999960
5.999960
5.999960
5.999960
5.999960
5.999960
5.999960
6.094810
6.094810
6.094810
6.094810
6.094810
6.094810
6.094810
6.094810
6.094810
6.094810
6.162240
6.162240
6.162240
6.162240
6.162240
6.162240
6.162240
6.162240
6.162240
6.162240
6.204530
6.204530
6.204530
6.204530
6.204530
6.204530
6.204530
6.204530
6.204530
6.204530
6.224050
6.224050
6.224050
6.224050
6.224050
6.224050
6.224050
6.224050
6.224050
6.224050
6.223050
6.223050
6.223050
6.223050
6.223050
6.223050
6.223050
6.223050
6.223050
6.223050
6.203460
6.203460
6.203460
6.203460
6.203460
6.203460
6.203460
6.203460
6.203460
6.203460
6.167540
6.167540
6.167540
6.167540
6.167540
6.167540
6.167540
6.167540
6.167540
6.167540
6.116930
6.116930
6.116930
6.116930
6.116930
6.116930
6.116930
6.116930
6.116930
6.116930
6.053550
6.053550
6.053550
6.053550
6.053550
6.053550
6.053550
6.053550
6.053550
6.053550
5.978920
5.978920
5.978920
5.978920
5.978920
5.978920
5.978920
5.978920
5.978920
5.978920
5.889620
5.889620
5.889620
5.889620
5.889620
5.889620
5.889620
5.889620
5.889620
5.889620
5.775450
5.775450
5.775450
5.775450
5.775450
5.775450
5.775450
5.775450
5.775450
5.775450
5.658010
5.658010
5.658010
5.658010
5.658010
5.658010
5.658010
5.658010
5.658010
5.658010
5.666840
5.666840
5.666840
5.666840
5.666840
5.666840
5.666840
5.666840
5.666840
5.666840
5.831200
5.831200
5.831200
5.831200
5.831200
5.831200
5.831200
5.831200
5.831200
5.831200
5.958350
5.958350
5.958350
5.958350
5.958350
5.958350
5.958350
5.958350
5.958350
5.958350
6.051140
6.051140
6.051140
6.051140
6.051140
6.051140
6.051140
6.051140
6.051140
6.051140
6.112210
6.112210
6.112210
6.112210
6.112210
6.112210
6.112210
6.112210
6.112210
6.112210
6.144230
6.144230
6.144230
6.144230
6.144230
6.144230
6.144230
6.144230
6.144230
6.144230
6.149670
6.149670
6.149670
6.149670
6.149670
6.149670
6.149670
6.149670
6.149670
6.149670
6.068140
6.068140
6.068140
6.068140
6.068140
6.068140
6.068140
6.068140
6.068140
6.068140
5.928020
5.928020
5.928020
5.928020
5.928020
5.928020
5.928020
5.928020
5.928020
5.928020
5.781580
5.781580
5.781580
5.781580
5.781580
5.781580
5.781580
5.781580
5.781580
5.781580
5.696620
5.696620
5.696620
5.696620
5.696620
5.696620
5.696620
5.696620
5.696620
5.696620
5.647330
5.647330
5.647330
5.647330
5.647330
5.647330
5.647330
5.647330
5.647330
5.647330
5.890670
5.890670
5.890670
5.890670
5.890670
5.890670
5.890670
5.890670
5.890670
5.890670
6.224410
6.224410
6.224410
6.224410
6.224410
6.224410
6.224410
6.224410
6.224410
6.224410
6.491990
6.491990
6.491990
6.491990
6.491990
6.491990
6.491990
6.491990
6.491990
6.491990
6.534070
6.534070
6.534070
6.534070
6.534070
6.534070
6.534070
6.534070
6.534070
6.534070
6.434800
6.434800
6.434800
6.434800
6.434800
6.434800
6.434800
6.434800
6.434800
6.434800
6.317170
6.317170
6.317170
6.317170
6.317170
6.317170
6.317170
6.317170
6.317170
6.317170
6.183000
6.183000
6.183000
6.183000
6.183000
6.183000
6.183000
6.183000
6.183000
6.183000
6.149780
6.149780
6.149780
6.149780
6.149780
6.149780
6.149780
6.149780
6.149780
6.149780
6.318060
6.318060
6.318060
6.318060
6.318060
6.318060
6.318060
6.318060
6.318060
6.318060
6.435130
6.435130
6.435130
6.435130
6.435130
6.435130
6.435130
6.435130
6.435130
6.435130
6.504390
6.504390
6.504390
6.504390
6.504390
6.504390
6.504390
6.504390
6.504390
6.504390
6.529230
6.529230
6.529230
6.529230
6.529230
6.529230
6.529230
6.529230
6.529230
6.529230
6.512890
6.512890
6.512890
6.512890
6.512890
6.512890
6.512890
6.512890
6.512890
6.512890
6.458490
6.458490
6.458490
6.458490
6.458490
6.458490
6.458490
6.458490
6.458490
6.458490
6.369070
6.369070
6.369070
6.369070
6.369070
6.369070
6.369070
6.369070
6.369070
6.369070
6.247560
6.247560
6.247560
6.247560
6.247560
6.247560
6.247560
6.247560
6.247560
6.247560
6.096820
6.096820
6.096820
6.096820
6.096820
6.096820
6.096820
6.096820
6.096820
6.096820
5.919490
5.919490
5.919490
5.919490
5.919490
5.919490
5.919490
5.919490
5.919490
5.919490
5.718250
5.718250
5.718250
5.718250
5.718250
5.718250
5.718250
5.718250
5.718250
5.718250
5.495590
5.495590
5.495590
5.495590
5.495590
5.495590
5.495590
5.495590
5.495590
5.495590
5.254000
5.254000
5.254000
5.254000
5.254000
5.254000
5.254000
5.254000
5.254000
5.254000
4.995750
4.995750
4.995750
4.995750
4.995750
4.995750
4.995750
4.995750
4.995750
4.995750
4.723120
4.723120
4.723120
4.723120
4.723120
4.723120
4.723120
4.723120
4.723120
4.723120
4.438250
4.438250
4.438250
4.438250
4.438250
4.438250
4.438250
4.438250
4.438250
4.438250
4.143250
4.143250
4.143250
4.143250
4.143250
4.143250
4.143250
4.143250
4.143250
4.143250
3.839890
3.839890
3.839890
3.839890
3.839890
3.839890
3.839890
3.839890
3.839890
3.839890
3.530200
3.530200
3.530200
3.530200
3.530200
3.530200
3.530200
3.530200
3.530200
3.530200
3.215840
3.215840
3.215840
3.215840
3.215840
3.215840
3.215840
3.215840
3.215840
3.215840
2.898550
2.898550
2.898550
2.898550
2.898550
2.898550
2.898550
2.898550
2.898550
2.898550
2.579820
2.579820
2.579820
2.579820
2.579820
2.579820
2.579820
2.579820
2.579820
2.579820
2.261150
2.261150
2.261150
2.261150
2.261150
2.261150
2.261150
2.261150
2.261150
2.261150
1.943910
1.943910
1.943910
1.943910
1.943910
1.943910
1.943910
1.943910
1.943910
1.943910
1.629330
1.629330
1.629330
1.629330
1.629330
1.629330
1.629330
1.629330
1.629330
1.629330
1.318610
1.318610
1.318610
1.318610
1.318610
1.318610
1.318610
1.318610
1.318610
1.318610
1.012760
1.012760
1.012760
1.012760
1.012760
1.012760
1.012760
1.012760
1.012760
1.012760
0.712750
0.712750
0.712750
0.712750
0.712750
0.712750
0.712750
0.712750
0.712750
0.712750
0.419490
0.419490
0.419490
0.419490
0.419490
0.419490
0.419490
0.419490
0.419490
0.419490
0.133730
0.133730
0.133730
0.133730
0.133730
0.133730
0.133730
0.133730
0.133730
0.133730
-0.143850
-0.143850
-0.143850
-0.143850
-0.143850
-0.143850
-0.143850
-0.143850
-0.143850
-0.143850
-0.412680
-0.412680
-0.412680
-0.412680
-0.412680
-0.412680
-0.412680
-0.412680
-0.412680
-0.412680
-0.672150
-0.672150
-0.672150
-0.672150
-0.672150
-0.672150
-0.672150
-0.672150
-0.672150
-0.672150
-0.921910
-0.921910
-0.921910
-0.921910
-0.921910
-0.921910
-0.921910
-0.921910
-0.921910
-0.921910
-1.161530
-1.161530
-1.161530
-1.161530
-1.161530
-1.161530
-1.161530
-1.161530
-1.161530
-1.161530
-1.390800
-1.390800
-1.390800
-1.390800
-1.390800
-1.390800
-1.390800
-1.390800
-1.390800
-1.390800
-1.609510
-1.609510
-1.609510
-1.609510
-1.609510
-1.609510
-1.609510
-1.609510
-1.609510
-1.609510
-1.817520
-1.817520
-1.817520
-1.817520
-1.817520
-1.817520
-1.817520
-1.817520
-1.817520
-1.817520
-2.014640
-2.014640
-2.014640
-2.014640
-2.014640
-2.014640
-2.014640
-2.014640
-2.014640
-2.014640
-2.200930
-2.200930
-2.200930
-2.200930
-2.200930
-2.200930
-2.200930
-2.200930
-2.200930
-2.200930
-2.376380
-2.376380
-2.376380
-2.376380
-2.376380
-2.376380
-2.376380
-2.376380
-2.376380
-2.376380
-2.541060
-2.541060
-2.541060
-2.541060
-2.541060
-2.541060
-2.541060
-2.541060
-2.541060
-2.541060
-2.695040
-2.695040
-2.695040
-2.695040
-2.695040
-2.695040
-2.695040
-2.695040
-2.695040
-2.695040
-2.838430
-2.838430
-2.838430
-2.838430
-2.838430
-2.838430
-2.838430
-2.838430
-2.838430
-2.838430
-2.971400
-2.971400
-2.971400
-2.971400
-2.971400
-2.971400
-2.971400
-2.971400
-2.971400
-2.971400
-3.094070
-3.094070
-3.094070
-3.094070
-3.094070
-3.094070
-3.094070
-3.094070
-3.094070
-3.094070
-3.206730
-3.206730
-3.206730
-3.206730
-3.206730
-3.206730
-3.206730
-3.206730
-3.206730
-3.206730
-3.309460
-3.309460
-3.309460
-3.309460
-3.309460
-3.309460
-3.309460
-3.309460
-3.309460
-3.309460
-3.402500
-3.402500
-3.402500
-3.402500
-3.402500
-3.402500
-3.402500
-3.402500
-3.402500
-3.402500
-3.486020
-3.486020
-3.486020
-3.486020
-3.486020
-3.486020
-3.486020
-3.486020
-3.486020
-3.486020
-3.560360
-3.560360
-3.560360
-3.560360
-3.560360
-3.560360
-3.560360
-3.560360
-3.560360
-3.560360
-3.625640
-3.625640
-3.625640
-3.625640
-3.625640
-3.625640
-3.625640
-3.625640
-3.625640
-3.625640
-3.682170
-3.682170
-3.682170
-3.682170
-3.682170
-3.682170
-3.682170
-3.682170
-3.682170
-3.682170
-3.730080
-3.730080
-3.730080
-3.730080
-3.730080
-3.730080
-3.730080
-3.730080
-3.730080
-3.730080
-3.769630
-3.769630
-3.769630
-3.769630
-3.769630
-3.769630
-3.769630
-3.769630
-3.769630
-3.769630
-3.801000
-3.801000
-3.801000
-3.801000
-3.801000
-3.801000
-3.801000
-3.801000
-3.801000
-3.801000
-3.824490
-3.824490
-3.824490
-3.824490
-3.824490
-3.824490
-3.824490
-3.824490
-3.824490
-3.824490
-3.840300
-3.840300
-3.840300
-3.840300
-3.840300
-3.840300
-3.840300
-3.840300
-3.840300
-3.840300
-3.848640
-3.848640
-3.848640
-3.848640
-3.848640
-3.848640
-3.848640
-3.848640
-3.848640
-3.848640
-3.849750
-3.849750
-3.849750
-3.849750
-3.849750
-3.849750
-3.849750
-3.849750
-3.849750
-3.849750
-3.843870
-3.843870
-3.843870
-3.843870
-3.843870
-3.843870
-3.843870
-3.843870
-3.843870
-3.843870
-3.831280
-3.831280
-3.831280
-3.831280
-3.831280
-3.831280
-3.831280
-3.831280
-3.831280
-3.831280
-3.812110
-3.812110
-3.812110
-3.812110
-3.812110
-3.812110
-3.812110
-3.812110
-3.812110
-3.812110
-3.786590
-3.786590
-3.786590
-3.786590
-3.786590
-3.786590
-3.786590
-3.786590
-3.786590
-3.786590
-3.755060
-3.755060
-3.755060
-3.755060
-3.755060
-3.755060
-3.755060
-3.755060
-3.755060
-3.755060
-3.717640
-3.717640
-3.717640
-3.717640
-3.717640
-3.717640
-3.717640
-3.717640
-3.717640
-3.717640
-3.674610
-3.674610
-3.674610
-3.674610
-3.674610
-3.674610
-3.674610
-3.674610
-3.674610
-3.674610
-3.626160
-3.626160
-3.626160
-3.626160
-3.626160
-3.626160
-3.626160
-3.626160
-3.626160
-3.626160
-3.572570
-3.572570
-3.572570
-3.572570
-3.572570
-3.572570
-3.572570
-3.572570
-3.572570
-3.572570
-3.514080
-3.514080
-3.514080
-3.514080
-3.514080
-3.514080
-3.514080
-3.514080
-3.514080
-3.514080
-3.450920
-3.450920
-3.450920
-3.450920
-3.450920
-3.450920
-3.450920
-3.450920
-3.450920
-3.450920
-3.383330
-3.383330
-3.383330
-3.383330
-3.383330
-3.383330
-3.383330
-3.383330
-3.383330
-3.383330
-3.311570
-3.311570
-3.311570
-3.311570
-3.311570
-3.311570
-3.311570
-3.311570
-3.311570
-3.311570
-3.235880
-3.235880
-3.235880
-3.235880
-3.235880
-3.235880
-3.235880
-3.235880
-3.235880
-3.235880
-3.156520
-3.156520
-3.156520
-3.156520
-3.156520
-3.156520
-3.156520
-3.156520
-3.156520
-3.156520
-3.073800
-3.073800
-3.073800
-3.073800
-3.073800
-3.073800
-3.073800
-3.073800
-3.073800
-3.073800
-2.987930
-2.987930
-2.987930
-2.987930
-2.987930
-2.987930
-2.987930
-2.987930
-2.987930
-2.987930
-2.899190
-2.899190
-2.899190
-2.899190
-2.899190
-2.899190
-2.899190
-2.899190
-2.899190
-2.899190
-2.807870
-2.807870
-2.807870
-2.807870
-2.807870
-2.807870
-2.807870
-2.807870
-2.807870
-2.807870
-2.714230
-2.714230
-2.714230
-2.714230
-2.714230
-2.714230
-2.714230
-2.714230
-2.714230
-2.714230
-2.618520
-2.618520
-2.618520
-2.618520
-2.618520
-2.618520
-2.618520
-2.618520
-2.618520
-2.618520
-2.521060
-2.521060
-2.521060
-2.521060
-2.521060
-2.521060
-2.521060
-2.521060
-2.521060
-2.521060
-2.422100
-2.422100
-2.422100
-2.422100
-2.422100
-2.422100
-2.422100
-2.422100
-2.422100
-2.422100
-2.321920
-2.321920
-2.321920
-2.321920
-2.321920
-2.321920
-2.321920
-2.321920
-2.321920
-2.321920
-2.220790
-2.220790
-2.220790
-2.220790
-2.220790
-2.220790
-2.220790
-2.220790
-2.220790
-2.220790
-2.118970
-2.118970
-2.118970
-2.118970
-2.118970
-2.118970
-2.118970
-2.118970
-2.118970
-2.118970
-2.016740
-2.016740
-2.016740
-2.016740
-2.016740
-2.016740
-2.016740
-2.016740
-2.016740
-2.016740
-1.914340
-1.914340
-1.914340
-1.914340
-1.914340
-1.914340
-1.914340
-1.914340
-1.914340
-1.914340
-1.812040
-1.812040
-1.812040
-1.812040
-1.812040
-1.812040
-1.812040
-1.812040
-1.812040
-1.812040
-1.710090
-1.710090
-1.710090
-1.710090
-1.710090
-1.710090
-1.710090
-1.710090
-1.710090
-1.710090
-1.608690
-1.608690
-1.608690
-1.608690
-1.608690
-1.608690
-1.608690
-1.608690
-1.608690
-1.608690
-1.508100
-1.508100
-1.508100
-1.508100
-1.508100
-1.508100
-1.508100
-1.508100
-1.508100
-1.508100
-1.408510
-1.408510
-1.408510
-1.408510
-1.408510
-1.408510
-1.408510
-1.408510
-1.408510
-1.408510
-1.310170
-1.310170
-1.310170
-1.310170
-1.310170
-1.310170
-1.310170
-1.310170
-1.310170
-1.310170
-1.213260
-1.213260
-1.213260
-1.213260
-1.213260
-1.213260
-1.213260
-1.213260
-1.213260
-1.213260
-1.118030
-1.118030
-1.118030
-1.118030
-1.118030
-1.118030
-1.118030
-1.118030
-1.118030
-1.118030
-1.024540
-1.024540
-1.024540
-1.024540
-1.024540
-1.024540
-1.024540
-1.024540
-1.024540
-1.024540
-0.933000
-0.933000
-0.933000
-0.933000
-0.933000
-0.933000
-0.933000
-0.933000
-0.933000
-0.933000
-0.843570
-0.843570
-0.843570
-0.843570
-0.843570
-0.843570
-0.843570
-0.843570
-0.843570
-0.843570
-0.756390
-0.756390
-0.756390
-0.756390
-0.756390
-0.756390
-0.756390
-0.756390
-0.756390
-0.756390
-0.671570
-0.671570
-0.671570
-0.671570
-0.671570
-0.671570
-0.671570
-0.671570
-0.671570
-0.671570
-0.589220
-0.589220
-0.589220
-0.589220
-0.589220
-0.589220
-0.589220
-0.589220
-0.589220
-0.589220
-0.509460
-0.509460
-0.509460
-0.509460
-0.509460
-0.509460
-0.509460
-0.509460
-0.509460
-0.509460
-0.432370
-0.432370
-0.432370
-0.432370
-0.432370
-0.432370
-0.432370
-0.432370
-0.432370
-0.432370
-0.358030
-0.358030
-0.358030
-0.358030
-0.358030
-0.358030
-0.358030
-0.358030
-0.358030
-0.358030
-0.286490
-0.286490
-0.286490
-0.286490
-0.286490
-0.286490
-0.286490
-0.286490
-0.286490
-0.286490
-0.217770
-0.217770
-0.217770
-0.217770
-0.217770
-0.217770
-0.217770
-0.217770
-0.217770
-0.217770
-0.151970
-0.151970
-0.151970
-0.151970
-0.151970
-0.151970
-0.151970
-0.151970
-0.151970
-0.151970
-0.089100
-0.089100
-0.089100
-0.089100
-0.089100
-0.089100
-0.089100
-0.089100
-0.089100
-0.089100
-0.029120
-0.029120
-0.029120
-0.029120
-0.029120
-0.029120
-0.029120
-0.029120
-0.029120
-0.029120
0.027920
0.027920
0.027920
0.027920
0.027920
0.027920
0.027920
0.027920
0.027920
0.027920
0.081970
0.081970
0.081970
0.081970
0.081970
0.081970
0.081970
0.081970
0.081970
0.081970
0.133080
0.133080
0.133080
0.133080
0.133080
0.133080
0.133080
0.133080
0.133080
0.133080
0.181340
0.181340
0.181340
0.181340
0.181340
0.181340
0.181340
0.181340
0.181340
0.181340
0.226710
0.226710
0.226710
0.226710
0.226710
0.226710
0.226710
0.226710
0.226710
0.226710
0.269180
0.269180
0.269180
0.269180
0.269180
0.269180
0.269180
0.269180
0.269180
0.269180
0.308880
0.308880
0.308880
0.308880
0.308880
0.308880
0.308880
0.308880
0.308880
0.308880
0.345810
0.345810
0.345810
0.345810
0.345810
0.345810
0.345810
0.345810
0.345810
0.345810
0.379990
0.379990
0.379990
0.379990
0.379990
0.379990
0.379990
0.379990
0.379990
0.379990
0.411550
0.411550
0.411550
0.411550
0.411550
0.411550
0.411550
0.411550
0.411550
0.411550
0.440490
0.440490
0.440490
0.440490
0.440490
0.440490
0.440490
0.440490
0.440490
0.440490
0.466920
0.466920
0.466920
0.466920
0.466920
0.466920
0.466920
0.466920
0.466920
0.466920
0.490880
0.490880
0.490880
0.490880
0.490880
0.490880
0.490880
0.490880
0.490880
0.490880
0.512410
0.512410
0.512410
0.512410
0.512410
0.512410
0.512410
0.512410
0.512410
0.512410
0.531660
0.531660
0.531660
0.531660
0.531660
0.531660
0.531660
0.531660
0.531660
0.531660
0.548650
0.548650
0.548650
0.548650
0.548650
0.548650
0.548650
0.548650
0.548650
0.548650
0.563500
0.563500
0.563500
0.563500
0.563500
0.563500
0.563500
0.563500
0.563500
0.563500
0.576210
0.576210
0.576210
0.576210
0.576210
0.576210
0.576210
0.576210
0.576210
0.576210
0.586920
0.586920
0.586920
0.586920
0.586920
0.586920
0.586920
0.586920
0.586920
0.586920
0.595720
0.595720
0.595720
0.595720
0.595720
0.595720
0.595720
0.595720
0.595720
0.595720
0.602670
0.602670
0.602670
0.602670
0.602670
0.602670
0.602670
0.602670
0.602670
0.602670
0.607850
0.607850
0.607850
0.607850
0.607850
0.607850
0.607850
0.607850
0.607850
0.607850
0.611340
0.611340
0.611340
0.611340
0.611340
0.611340
0.611340
0.611340
0.611340
0.611340
0.613220
0.613220
0.613220
0.613220
0.613220
0.613220
0.613220
0.613220
0.613220
0.613220
0.613570
0.613570
0.613570
0.613570
0.613570
0.613570
0.613570
0.613570
0.613570
0.613570
0.612480
0.612480
0.612480
0.612480
0.612480
0.612480
0.612480
0.612480
0.612480
0.612480
0.610020
0.610020
0.610020
0.610020
0.610020
0.610020
0.610020
0.610020
0.610020
0.610020
0.606240
0.606240
0.606240
0.606240
0.606240
0.606240
0.606240
0.606240
0.606240
0.606240
0.601250
0.601250
0.601250
0.601250
0.601250
0.601250
0.601250
0.601250
0.601250
0.601250
0.595130
0.595130
0.595130
0.595130
0.595130
0.595130
0.595130
0.595130
0.595130
0.595130
0.587950
0.587950
0.587950
0.587950
0.587950
0.587950
0.587950
0.587950
0.587950
0.587950
0.579790
0.579790
0.579790
0.579790
0.579790
0.579790
0.579790
0.579790
0.579790
0.579790
0.570640
0.570640
0.570640
0.570640
0.570640
0.570640
0.570640
0.570640
0.570640
0.570640
0.560660
0.560660
0.560660
0.560660
0.560660
0.560660
0.560660
0.560660
0.560660
0.560660
0.549890
0.549890
0.549890
0.549890
0.549890
0.549890
0.549890
0.549890
0.549890
0.549890
0.538430
0.538430
0.538430
0.538430
0.538430
0.538430
0.538430
0.538430
0.538430
0.538430
0.526260
0.526260
0.526260
0.526260
0.526260
0.526260
0.526260
0.526260
0.526260
0.526260
0.513500
0.513500
0.513500
0.513500
0.513500
0.513500
0.513500
0.513500
0.513500
0.513500
0.500220
0.500220
0.500220
0.500220
0.500220
0.500220
0.500220
0.500220
0.500220
0.500220
0.486460
0.486460
0.486460
0.486460
0.486460
0.486460
0.486460
0.486460
0.486460
0.486460
0.472250
0.472250
0.472250
0.472250
0.472250
0.472250
0.472250
0.472250
0.472250
0.472250
0.457670
0.457670
0.457670
0.457670
0.457670
0.457670
0.457670
0.457670
0.457670
0.457670
0.442780
0.442780
0.442780
0.442780
0.442780
0.442780
0.442780
0.442780
0.442780
0.442780
0.427610
0.427610
0.427610
0.427610
0.427610
0.427610
0.427610
0.427610
0.427610
0.427610
0.412250
0.412250
0.412250
0.412250
0.412250
0.412250
0.412250
0.412250
0.412250
0.412250
0.396700
0.396700
0.396700
0.396700
0.396700
0.396700
0.396700
0.396700
0.396700
0.396700
0.381010
0.381010
0.381010
0.381010
0.381010
0.381010
0.381010
0.381010
0.381010
0.381010
0.365240
0.365240
0.365240
0.365240
0.365240
0.365240
0.365240
0.365240
0.365240
0.365240
0.349430
0.349430
0.349430
0.349430
0.349430
0.349430
0.349430
0.349430
0.349430
0.349430
0.333600
0.333600
0.333600
0.333600
0.333600
0.333600
0.333600
0.333600
0.333600
0.333600
0.317790
0.317790
0.317790
0.317790
0.317790
0.317790
0.317790
0.317790
0.317790
0.317790
0.302040
0.302040
0.302040
0.302040
0.302040
0.302040
0.302040
0.302040
0.302040
0.302040
0.286420
0.286420
0.286420
0.286420
0.286420
0.286420
0.286420
0.286420
0.286420
0.286420
0.270900
0.270900
0.270900
0.270900
0.270900
0.270900
0.270900
0.270900
0.270900
0.270900
0.255540
0.255540
0.255540
0.255540
0.255540
0.255540
0.255540
0.255540
0.255540
0.255540
0.240360
0.240360
0.240360
0.240360
0.240360
0.240360
0.240360
0.240360
0.240360
0.240360
0.225390
0.225390
0.225390
0.225390
0.225390
0.225390
0.225390
0.225390
0.225390
0.225390
0.210650
0.210650
0.210650
0.210650
0.210650
0.210650
0.210650
0.210650
0.210650
0.210650
0.196160
0.196160
0.196160
0.196160
0.196160
0.196160
0.196160
0.196160
0.196160
0.196160
0.181950
0.181950
0.181950
0.181950
0.181950
0.181950
0.181950
0.181950
0.181950
0.181950
0.167980
0.167980
0.167980
0.167980
0.167980
0.167980
0.167980
0.167980
0.167980
0.167980
0.154410
0.154410
0.154410
0.154410
0.154410
0.154410
0.154410
0.154410
0.154410
0.154410
0.141130
0.141130
0.141130
0.141130
0.141130
0.141130
0.141130
0.141130
0.141130
0.141130
0.128170
0.128170
0.128170
0.128170
0.128170
0.128170
0.128170
0.128170
0.128170
0.128170
0.115560
0.115560
0.115560
0.115560
0.115560
0.115560
0.115560
0.115560
0.115560
0.115560
0.103320
0.103320
0.103320
0.103320
0.103320
0.103320
0.103320
0.103320
0.103320
0.103320
0.091460
0.091460
0.091460
0.091460
0.091460
0.091460
0.091460
0.091460
0.091460
0.091460
0.079970
0.079970
0.079970
0.079970
0.079970
0.079970
0.079970
0.079970
0.079970
0.079970
0.068870
0.068870
0.068870
0.068870
0.068870
0.068870
0.068870
0.068870
0.068870
0.068870
0.058170
0.058170
0.058170
0.058170
0.058170
0.058170
0.058170
0.058170
0.058170
0.058170
0.047860
0.047860
0.047860
0.047860
0.047860
0.047860
0.047860
0.047860
0.047860
0.047860
0.037950
0.037950
0.037950
0.037950
0.037950
0.037950
0.037950
0.037950
0.037950
0.037950
0.028450
0.028450
0.028450
0.028450
0.028450
0.028450
0.028450
0.028450
0.028450
0.028450
0.019350
0.019350
0.019350
0.019350
0.019350
0.019350
0.019350
0.019350
0.019350
0.019350
0.010680
0.010680
0.010680
0.010680
0.010680
0.010680
0.010680
0.010680
0.010680
0.010680
0.002370
0.002370
0.002370
0.002370
0.002370
0.002370
0.002370
0.002370
0.002370
0.002370
-0.005510
-0.005510
-0.005510
-0.005510
-0.005510
-0.005510
-0.005510
-0.005510
-0.005510
-0.005510
-0.012970
-0.012970
-0.012970
-0.012970
-0.012970
-0.012970
-0.012970
-0.012970
-0.012970
-0.012970
-0.020060
-0.020060
-0.020060
-0.020060
-0.020060
-0.020060
-0.020060
-0.020060
-0.020060
-0.020060
-0.026740
-0.026740
-0.026740
-0.026740
-0.026740
-0.026740
-0.026740
-0.026740
-0.026740
-0.026740
-0.033050
-0.033050
-0.033050
-0.033050
-0.033050
-0.033050
-0.033050
-0.033050
-0.033050
-0.033050
-0.038960
-0.038960
-0.038960
-0.038960
-0.038960
-0.038960
-0.038960
-0.038960
-0.038960
-0.038960
-0.044480
-0.044480
-0.044480
-0.044480
-0.044480
-0.044480
-0.044480
-0.044480
-0.044480
-0.044480
-0.049640
-0.049640
-0.049640
-0.049640
-0.049640
-0.049640
-0.049640
-0.049640
-0.049640
-0.049640
-0.054420
-0.054420
-0.054420
-0.054420
-0.054420
-0.054420
-0.054420
-0.054420
-0.054420
-0.054420
-0.058870
-0.058870
-0.058870
-0.058870
-0.058870
-0.058870
-0.058870
-0.058870
-0.058870
-0.058870
-0.062960
-0.062960
-0.062960
-0.062960
-0.062960
-0.062960
-0.062960
-0.062960
-0.062960
-0.062960
-0.066700
-0.066700
-0.066700
-0.066700
-0.066700
-0.066700
-0.066700
-0.066700
-0.066700
-0.066700
-0.070110
-0.070110
-0.070110
-0.070110
-0.070110
-0.070110
-0.070110
-0.070110
-0.070110
-0.070110
-0.073190
-0.073190
-0.073190
-0.073190
-0.073190
-0.073190
-0.073190
-0.073190
-0.073190
-0.073190
-0.075950
-0.075950
-0.075950
-0.075950
-0.075950
-0.075950
-0.075950
-0.075950
-0.075950
-0.075950
-0.078410
-0.078410
-0.078410
-0.078410
-0.078410
-0.078410
-0.078410
-0.078410
-0.078410
-0.078410
-0.080570
-0.080570
-0.080570
-0.080570
-0.080570
-0.080570
-0.080570
-0.080570
-0.080570
-0.080570
-0.082440
-0.082440
-0.082440
-0.082440
-0.082440
-0.082440
-0.082440
-0.082440
-0.082440
-0.082440
-0.084030
-0.084030
-0.084030
-0.084030
-0.084030
-0.084030
-0.084030
-0.084030
-0.084030
-0.084030
-0.085360
-0.085360
-0.085360
-0.085360
-0.085360
-0.085360
-0.085360
-0.085360
-0.085360
-0.085360
-0.086430
-0.086430
-0.086430
-0.086430
-0.086430
-0.086430
-0.086430
-0.086430
-0.086430
-0.086430
-0.087260
-0.087260
-0.087260
-0.087260
-0.087260
-0.087260
-0.087260
-0.087260
-0.087260
-0.087260
-0.087850
-0.087850
-0.087850
-0.087850
-0.087850
-0.087850
-0.087850
-0.087850
-0.087850
-0.087850
-0.088210
-0.088210
-0.088210
-0.088210
-0.088210
-0.088210
-0.088210
-0.088210
-0.088210
-0.088210
-0.088350
-0.088350
-0.088350
-0.088350
-0.088350
-0.088350
-0.088350
-0.088350
-0.088350
-0.088350
-0.088290
-0.088290
-0.088290
-0.088290
-0.088290
-0.088290
-0.088290
-0.088290
-0.088290
-0.088290
-0.088030
-0.088030
-0.088030
-0.088030
-0.088030
-0.088030
-0.088030
-0.088030
-0.088030
-0.088030
-0.087590
-0.087590
-0.087590
-0.087590
-0.087590
-0.087590
-0.087590
-0.087590
-0.087590
-0.087590
-0.086990
-0.086990
-0.086990
-0.086990
-0.086990
-0.086990
-0.086990
-0.086990
-0.086990
-0.086990
-0.086210
-0.086210
-0.086210
-0.086210
-0.086210
-0.086210
-0.086210
-0.086210
-0.086210
-0.086210
-0.085270
-0.085270
-0.085270
-0.085270
-0.085270
-0.085270
-0.085270
-0.085270
-0.085270
-0.085270
-0.084200
-0.084200
-0.084200
-0.084200
-0.084200
-0.084200
-0.084200
-0.084200
-0.084200
-0.084200
-0.082990
-0.082990
-0.082990
-0.082990
-0.082990
-0.082990
-0.082990
-0.082990
-0.082990
-0.082990
-0.081640
-0.081640
-0.081640
-0.081640
-0.081640
-0.081640
-0.081640
-0.081640
-0.081640
-0.081640
-0.080190
-0.080190
-0.080190
-0.080190
-0.080190
-0.080190
-0.080190
-0.080190
-0.080190
-0.080190
-0.078630
-0.078630
-0.078630
-0.078630
-0.078630
-0.078630
-0.078630
-0.078630
-0.078630
-0.078630
-0.076960
-0.076960
-0.076960
-0.076960
-0.076960
-0.076960
-0.076960
-0.076960
-0.076960
-0.076960
-0.075210
-0.075210
-0.075210
-0.075210
-0.075210
-0.075210
-0.075210
-0.075210
-0.075210
-0.075210
-0.073370
-0.073370
-0.073370
-0.073370
-0.073370
-0.073370
-0.073370
-0.073370
-0.073370
-0.073370
-0.071460
-0.071460
-0.071460
-0.071460
-0.071460
-0.071460
-0.071460
-0.071460
-0.071460
-0.071460
-0.069490
-0.069490
-0.069490
-0.069490
-0.069490
-0.069490
-0.069490
-0.069490
-0.069490
-0.069490
-0.067460
-0.067460
-0.067460
-0.067460
-0.067460
-0.067460
-0.067460
-0.067460
-0.067460
-0.067460
-0.065370
-0.065370
-0.065370
-0.065370
-0.065370
-0.065370
-0.065370
-0.065370
-0.065370
-0.065370
-0.063240
-0.063240
-0.063240
-0.063240
-0.063240
-0.063240
-0.063240
-0.063240
-0.063240
-0.063240
-0.061080
-0.061080
-0.061080
-0.061080
-0.061080
-0.061080
-0.061080
-0.061080
-0.061080
-0.061080
-0.058890
-0.058890
-0.058890
-0.058890
-0.058890
-0.058890
-0.058890
-0.058890
-0.058890
-0.058890
-0.056670
-0.056670
-0.056670
-0.056670
-0.056670
-0.056670
-0.056670
-0.056670
-0.056670
-0.056670
-0.054440
-0.054440
-0.054440
-0.054440
-0.054440
-0.054440
-0.054440
-0.054440
-0.054440
-0.054440
-0.052200
-0.052200
-0.052200
-0.052200
-0.052200
-0.052200
-0.052200
-0.052200
-0.052200
-0.052200
-0.049940
-0.049940
-0.049940
-0.049940
-0.049940
-0.049940
-0.049940
-0.049940
-0.049940
-0.049940
-0.047680
-0.047680
-0.047680
-0.047680
-0.047680
-0.047680
-0.047680
-0.047680
-0.047680
-0.047680
-0.045430
-0.045430
-0.045430
-0.045430
-0.045430
-0.045430
-0.045430
-0.045430
-0.045430
-0.045430
-0.043190
-0.043190
-0.043190
-0.043190
-0.043190
-0.043190
-0.043190
-0.043190
-0.043190
-0.043190
-0.040960
-0.040960
-0.040960
-0.040960
-0.040960
-0.040960
-0.040960
-0.040960
-0.040960
-0.040960
-0.038760
-0.038760
-0.038760
-0.038760
-0.038760
-0.038760
-0.038760
-0.038760
-0.038760
-0.038760
-0.036570
-0.036570
-0.036570
-0.036570
-0.036570
-0.036570
-0.036570
-0.036570
-0.036570
-0.036570
-0.034400
-0.034400
-0.034400
-0.034400
-0.034400
-0.034400
-0.034400
-0.034400
-0.034400
-0.034400
-0.032280
-0.032280
-0.032280
-0.032280
-0.032280
-0.032280
-0.032280
-0.032280
-0.032280
-0.032280
-0.030180
-0.030180
-0.030180
-0.030180
-0.030180
-0.030180
-0.030180
-0.030180
-0.030180
-0.030180
-0.028130
-0.028130
-0.028130
-0.028130
-0.028130
-0.028130
-0.028130
-0.028130
-0.028130
-0.028130
-0.026110
-0.026110
-0.026110
-0.026110
-0.026110
-0.026110
-0.026110
-0.026110
-0.026110
-0.026110
-0.024100
-0.024100
-0.024100
-0.024100
-0.024100
-0.024100
-0.024100
-0.024100
-0.024100
-0.024100
-0.022170
-0.022170
-0.022170
-0.022170
-0.022170
-0.022170
-0.022170
-0.022170
-0.022170
-0.022170
-0.020280
-0.020280
-0.020280
-0.020280
-0.020280
-0.020280
-0.020280
-0.020280
-0.020280
-0.020280
-0.018440
-0.018440
-0.018440
-0.018440
-0.018440
-0.018440
-0.018440
-0.018440
-0.018440
-0.018440
-0.016640
-0.016640
-0.016640
-0.016640
-0.016640
-0.016640
-0.016640
-0.016640
-0.016640
-0.016640
-0.014900
-0.014900
-0.014900
-0.014900
-0.014900
-0.014900
-0.014900
-0.014900
-0.014900
-0.014900
-0.013210
-0.013210
-0.013210
-0.013210
-0.013210
-0.013210
-0.013210
-0.013210
-0.013210
-0.013210
-0.011570
-0.011570
-0.011570
-0.011570
-0.011570
-0.011570
-0.011570
-0.011570
-0.011570
-0.011570
-0.009980
-0.009980
-0.009980
-0.009980
-0.009980
-0.009980
-0.009980
-0.009980
-0.009980
-0.009980
-0.008460
-0.008460
-0.008460
-0.008460
-0.008460
-0.008460
-0.008460
-0.008460
-0.008460
-0.008460
-0.006990
-0.006990
-0.006990
-0.006990
-0.006990
-0.006990
-0.006990
-0.006990
-0.006990
-0.006990
-0.005570
-0.005570
-0.005570
-0.005570
-0.005570
-0.005570
-0.005570
-0.005570
-0.005570
-0.005570
-0.004210
-0.004210
-0.004210
-0.004210
-0.004210
-0.004210
-0.004210
-0.004210
-0.004210
-0.004210
-0.002910
-0.002910
-0.002910
-0.002910
-0.002910
-0.002910
-0.002910
-0.002910
-0.002910
-0.002910
-0.001660
-0.001660
-0.001660
-0.001660
-0.001660
-0.001660
-0.001660
-0.001660
-0.001660
-0.001660
-0.000480
-0.000480
-0.000480
-0.000480
-0.000480
-0.000480
-0.000480
-0.000480
-0.000480
-0.000480
0.000640
0.000640
0.000640
0.000640
0.000640
0.000640
0.000640
0.000640
0.000640
0.000640
0.001710
0.001710
0.001710
0.001710
0.001710
0.001710
0.001710
0.001710
0.001710
0.001710
0.002750
0.002750
0.002750
0.002750
0.002750
0.002750
0.002750
0.002750
0.002750
0.002750
0.003700
0.003700
0.003700
0.003700
0.003700
0.003700
0.003700
0.003700
0.003700
0.003700
0.004600
0.004600
0.004600
0.004600
0.004600
0.004600
0.004600
0.004600
0.004600
0.004600
0.005440
0.005440
0.005440
0.005440
0.005440
0.005440
0.005440
0.005440
0.005440
0.005440
0.006230
0.006230
0.006230
0.006230
0.006230
0.006230
0.006230
0.006230
0.006230
0.006230
0.006970
0.006970
0.006970
0.006970
0.006970
0.006970
0.006970
0.006970
0.006970
0.006970
0.007660
0.007660
0.007660
0.007660
0.007660
0.007660
0.007660
0.007660
0.007660
0.007660
0.008300
0.008300
0.008300
0.008300
0.008300
0.008300
0.008300
0.008300
0.008300
0.008300
0.008890
0.008890
0.008890
0.008890
0.008890
0.008890
0.008890
0.008890
0.008890
0.008890
0.009430
0.009430
0.009430
0.009430
0.009430
0.009430
0.009430
0.009430
0.009430
0.009430
0.009930
0.009930
0.009930
0.009930
0.009930
0.009930
0.009930
0.009930
0.009930
0.009930
0.010370
0.010370
0.010370
0.010370
0.010370
0.010370
0.010370
0.010370
0.010370
0.010370
0.010770
0.010770
0.010770
0.010770
0.010770
0.010770
0.010770
0.010770
0.010770
0.010770
0.011120
0.011120
0.011120
0.011120
0.011120
0.011120
0.011120
0.011120
0.011120
0.011120
0.011450
0.011450
0.011450
0.011450
0.011450
0.011450
0.011450
0.011450
0.011450
0.011450
0.011720
0.011720
0.011720
0.011720
0.011720
0.011720
0.011720
0.011720
0.011720
0.011720
0.011960
0.011960
0.011960
0.011960
0.011960
0.011960
0.011960
0.011960
0.011960
0.011960
0.012160
0.012160
0.012160
0.012160
0.012160
0.012160
0.012160
0.012160
0.012160
0.012160
0.012310
0.012310
0.012310
0.012310
0.012310
0.012310
0.012310
0.012310
0.012310
0.012310
0.012440
0.012440
0.012440
0.012440
0.012440
0.012440
0.012440
0.012440
0.012440
0.012440
0.012530
0.012530
0.012530
0.012530
0.012530
0.012530
0.012530
0.012530
0.012530
0.012530
0.012580
0.012580
0.012580
0.012580
0.012580
0.012580
0.012580
0.012580
0.012580
0.012580
0.012610
0.012610
0.012610
0.012610
0.012610
0.012610
0.012610
0.012610
0.012610
0.012610
0.012610
0.012610
0.012610
0.012610
0.012610
0.012610
0.012610
0.012610
0.012610
0.012610
0.012590
0.012590
0.012590
0.012590
0.012590
0.012590
0.012590
0.012590
0.012590
0.012590
0.012530
0.012530
0.012530
0.012530
0.012530
0.012530
0.012530
0.012530
0.012530
0.012530
0.012450
0.012450
0.012450
0.012450
0.012450
0.012450
0.012450
0.012450
0.012450
0.012450
0.012330
0.012330
0.012330
0.012330
0.012330
0.012330
0.012330
0.012330
0.012330
0.012330
0.012200
0.012200
0.012200
0.012200
0.012200
0.012200
0.012200
0.012200
0.012200
0.012200
0.012060
0.012060
0.012060
0.012060
0.012060
0.012060
0.012060
0.012060
0.012060
0.012060
0.011900
0.011900
0.011900
0.011900
0.011900
0.011900
0.011900
0.011900
0.011900
0.011900
0.011720
0.011720
0.011720
0.011720
0.011720
0.011720
0.011720
0.011720
0.011720
0.011720
0.011510
0.011510
0.011510
0.011510
0.011510
0.011510
0.011510
0.011510
0.011510
0.011510
0.011290
0.011290
0.011290
0.011290
0.011290
0.011290
0.011290
0.011290
0.011290
0.011290
0.011050
0.011050
0.011050
0.011050
0.011050
0.011050
0.011050
0.011050
0.011050
0.011050
0.010810
0.010810
0.010810
0.010810
0.010810
0.010810
0.010810
0.010810
0.010810
0.010810
0.010550
0.010550
0.010550
0.010550
0.010550
0.010550
0.010550
0.010550
0.010550
0.010550
0.010280
0.010280
0.010280
0.010280
0.010280
0.010280
0.010280
0.010280
0.010280
0.010280
0.010010
0.010010
0.010010
0.010010
0.010010
0.010010
0.010010
0.010010
0.010010
0.010010
0.009730
0.009730
0.009730
0.009730
0.009730
0.009730
0.009730
0.009730
0.009730
0.009730
0.009420
0.009420
0.009420
0.009420
0.009420
0.009420
0.009420
0.009420
0.009420
0.009420
0.009120
0.009120
0.009120
0.009120
0.009120
0.009120
0.009120
0.009120
0.009120
0.009120
0.008820
0.008820
0.008820
0.008820
0.008820
0.008820
0.008820
0.008820
0.008820
0.008820
0.008510
0.008510
0.008510
0.008510
0.008510
0.008510
0.008510
0.008510
0.008510
0.008510
0.008200
0.008200
0.008200
0.008200
0.008200
0.008200
0.008200
0.008200
0.008200
0.008200
0.007880
0.007880
0.007880
0.007880
0.007880
0.007880
0.007880
0.007880
0.007880
0.007880
0.007570
0.007570
0.007570
0.007570
0.007570
0.007570
0.007570
0.007570
0.007570
0.007570
0.007250
0.007250
0.007250
0.007250
0.007250
0.007250
0.007250
0.007250
0.007250
0.007250
0.006930
0.006930
0.006930
0.006930
0.006930
0.006930
0.006930
0.006930
0.006930
0.006930
0.006610
0.006610
0.006610
0.006610
0.006610
0.006610
0.006610
0.006610
0.006610
0.006610
0.006280
0.006280
0.006280
0.006280
0.006280
0.006280
0.006280
0.006280
0.006280
0.006280
0.005970
0.005970
0.005970
0.005970
0.005970
0.005970
0.005970
0.005970
0.005970
0.005970
0.005650
0.005650
0.005650
0.005650
0.005650
0.005650
0.005650
0.005650
0.005650
0.005650
0.005340
0.005340
0.005340
0.005340
0.005340
0.005340
0.005340
0.005340
0.005340
0.005340
0.005030
0.005030
0.005030
0.005030
0.005030
0.005030
0.005030
0.005030
0.005030
0.005030
0.004730
0.004730
0.004730
0.004730
0.004730
0.004730
0.004730
0.004730
0.004730
0.004730
0.004430
0.004430
0.004430
0.004430
0.004430
0.004430
0.004430
0.004430
0.004430
0.004430
0.004130
0.004130
0.004130
0.004130
0.004130
0.004130
0.004130
0.004130
0.004130
0.004130
0.003860
0.003860
0.003860
0.003860
0.003860
0.003860
0.003860
0.003860
0.003860
0.003860
0.003550
0.003550
0.003550
0.003550
0.003550
0.003550
0.003550
0.003550
0.003550
0.003550
0.003270
0.003270
0.003270
0.003270
0.003270
0.003270
0.003270
0.003270
0.003270
0.003270
0.003010
0.003010
0.003010
0.003010
0.003010
0.003010
0.003010
0.003010
0.003010
0.003010
0.002750
0.002750
0.002750
0.002750
0.002750
0.002750
0.002750
0.002750
0.002750
0.002750
0.002490
0.002490
0.002490
0.002490
0.002490
0.002490
0.002490
0.002490
0.002490
0.002490
0.002230
0.002230
0.002230
0.002230
0.002230
0.002230
0.002230
0.002230
0.002230
0.002230
0.001990
0.001990
0.001990
0.001990
0.001990
0.001990
0.001990
0.001990
0.001990
0.001990
0.001750
0.001750
0.001750
0.001750
0.001750
0.001750
0.001750
0.001750
0.001750
0.001750
0.001530
0.001530
0.001530
0.001530
0.001530
0.001530
0.001530
0.001530
0.001530
0.001530
0.001300
0.001300
0.001300
0.001300
0.001300
0.001300
0.001300
0.001300
0.001300
0.001300
0.001090
0.001090
0.001090
0.001090
0.001090
0.001090
0.001090
0.001090
0.001090
0.001090
0.000890
0.000890
0.000890
0.000890
0.000890
0.000890
0.000890
0.000890
0.000890
0.000890
0.000700
0.000700
0.000700
0.000700
0.000700
0.000700
0.000700
0.000700
0.000700
0.000700
0.000510
0.000510
0.000510
0.000510
0.000510
0.000510
0.000510
0.000510
0.000510
0.000510
0.000310
0.000310
0.000310
0.000310
0.000310
0.000310
0.000310
0.000310
0.000310
0.000310
0.000150
0.000150
0.000150
0.000150
0.000150
0.000150
0.000150
0.000150
0.000150
0.000150
-0.000000
-0.000000
-0.000000
-0.000000
-0.000000
-0.000000
-0.000000
-0.000000
-0.000000
-0.000000
-0.000150
-0.000150
-0.000150
-0.000150
-0.000150
-0.000150
-0.000150
-0.000150
-0.000150
-0.000150
-0.000290
-0.000290
-0.000290
-0.000290
-0.000290
-0.000290
-0.000290
-0.000290
-0.000290
-0.000290
-0.000440
-0.000440
-0.000440
-0.000440
-0.000440
-0.000440
-0.000440
-0.000440
-0.000440
-0.000440
-0.000570
-0.000570
-0.000570
-0.000570
-0.000570
-0.000570
-0.000570
-0.000570
-0.000570
-0.000570
-0.000700
-0.000700
-0.000700
-0.000700
-0.000700
-0.000700
-0.000700
-0.000700
-0.000700
-0.000700
-0.000810
-0.000810
-0.000810
-0.000810
-0.000810
-0.000810
-0.000810
-0.000810
-0.000810
-0.000810
-0.000920
-0.000920
-0.000920
-0.000920
-0.000920
-0.000920
-0.000920
-0.000920
-0.000920
-0.000920
-0.001020
-0.001020
-0.001020
-0.001020
-0.001020
-0.001020
-0.001020
-0.001020
-0.001020
-0.001020
-0.001110
-0.001110
-0.001110
-0.001110
-0.001110
-0.001110
-0.001110
-0.001110
-0.001110
-0.001110
-0.001200
-0.001200
-0.001200
-0.001200
-0.001200
-0.001200
-0.001200
-0.001200
-0.001200
-0.001200
-0.001280
-0.001280
-0.001280
-0.001280
-0.001280
-0.001280
-0.001280
-0.001280
-0.001280
-0.001280
-0.001360
-0.001360
-0.001360
-0.001360
-0.001360
-0.001360
-0.001360
-0.001360
-0.001360
-0.001360
-0.001420
-0.001420
-0.001420
-0.001420
-0.001420
-0.001420
-0.001420
-0.001420
-0.001420
-0.001420
-0.001490
-0.001490
-0.001490
-0.001490
-0.001490
-0.001490
-0.001490
-0.001490
-0.001490
-0.001490
-0.001540
-0.001540
-0.001540
-0.001540
-0.001540
-0.001540
-0.001540
-0.001540
-0.001540
-0.001540
-0.001590
-0.001590
-0.001590
-0.001590
-0.001590
-0.001590
-0.001590
-0.001590
-0.001590
-0.001590
-0.001630
-0.001630
-0.001630
-0.001630
-0.001630
-0.001630
-0.001630
-0.001630
-0.001630
-0.001630
-0.001670
-0.001670
-0.001670
-0.001670
-0.001670
-0.001670
-0.001670
-0.001670
-0.001670
-0.001670
-0.001700
-0.001700
-0.001700
-0.001700
-0.001700
-0.001700
-0.001700
-0.001700
-0.001700
-0.001700
-0.001730
-0.001730
-0.001730
-0.001730
-0.001730
-0.001730
-0.001730
-0.001730
-0.001730
-0.001730
-0.001750
-0.001750
-0.001750
-0.001750
-0.001750
-0.001750
-0.001750
-0.001750
-0.001750
-0.001750
-0.001760
-0.001760
-0.001760
-0.001760
-0.001760
-0.001760
-0.001760
-0.001760
-0.001760
-0.001760
-0.001770
-0.001770
-0.001770
-0.001770
-0.001770
-0.001770
-0.001770
-0.001770
-0.001770
-0.001770
-0.001780
-0.001780
-0.001780
-0.001780
-0.001780
-0.001780
-0.001780
-0.001780
-0.001780
-0.001780
-0.001780
-0.001780
-0.001780
-0.001780
-0.001780
-0.001780
-0.001780
-0.001780
-0.001780
-0.001780
-0.001770
-0.001770
-0.001770
-0.001770
-0.001770
-0.001770
-0.001770
-0.001770
-0.001770
-0.001770
-0.001760
-0.001760
-0.001760
-0.001760
-0.001760
-0.001760
-0.001760
-0.001760
-0.001760
-0.001760
-0.001750
-0.001750
-0.001750
-0.001750
-0.001750
-0.001750
-0.001750
-0.001750
-0.001750
-0.001750
-0.001740
-0.001740
-0.001740
-0.001740
-0.001740
-0.001740
-0.001740
-0.001740
-0.001740
-0.001740
-0.001720
-0.001720
-0.001720
-0.001720
-0.001720
-0.001720
-0.001720
-0.001720
-0.001720
-0.001720
-0.001700
-0.001700
-0.001700
-0.001700
-0.001700
-0.001700
-0.001700
-0.001700
-0.001700
-0.001700
-0.001680
-0.001680
-0.001680
-0.001680
-0.001680
-0.001680
-0.001680
-0.001680
-0.001680
-0.001680
-0.001660
-0.001660
-0.001660
-0.001660
-0.001660
-0.001660
-0.001660
-0.001660
-0.001660
-0.001660
-0.001630
-0.001630
-0.001630
-0.001630
-0.001630
-0.001630
-0.001630
-0.001630
-0.001630
-0.001630
-0.001600
-0.001600
-0.001600
-0.001600
-0.001600
-0.001600
-0.001600
-0.001600
-0.001600
-0.001600
-0.001570
-0.001570
-0.001570
-0.001570
-0.001570
-0.001570
-0.001570
-0.001570
-0.001570
-0.001570
-0.001530
-0.001530
-0.001530
-0.001530
-0.001530
-0.001530
-0.001530
-0.001530
-0.001530
-0.001530
-0.001500
-0.001500
-0.001500
-0.001500
-0.001500
-0.001500
-0.001500
-0.001500
-0.001500
-0.001500
-0.001460
-0.001460
-0.001460
-0.001460
-0.001460
-0.001460
-0.001460
-0.001460
-0.001460
-0.001460
-0.001420
-0.001420
-0.001420
-0.001420
-0.001420
-0.001420
-0.001420
-0.001420
-0.001420
-0.001420
-0.001380
-0.001380
-0.001380
-0.001380
-0.001380
-0.001380
-0.001380
-0.001380
-0.001380
-0.001380
-0.001340
-0.001340
-0.001340
-0.001340
-0.001340
-0.001340
-0.001340
-0.001340
-0.001340
-0.001340
-0.001300
-0.001300
-0.001300
-0.001300
-0.001300
-0.001300
-0.001300
-0.001300
-0.001300
-0.001300
-0.001260
-0.001260
-0.001260
-0.001260
-0.001260
-0.001260
-0.001260
-0.001260
-0.001260
-0.001260
-0.001220
-0.001220
-0.001220
-0.001220
-0.001220
-0.001220
-0.001220
-0.001220
-0.001220
-0.001220
-0.001170
-0.001170
-0.001170
-0.001170
-0.001170
-0.001170
-0.001170
-0.001170
-0.001170
-0.001170
-0.001130
-0.001130
-0.001130
-0.001130
-0.001130
-0.001130
-0.001130
-0.001130
-0.001130
-0.001130
-0.001090
-0.001090
-0.001090
-0.001090
-0.001090
-0.001090
-0.001090
-0.001090
-0.001090
-0.001090
-0.001040
-0.001040
-0.001040
-0.001040
-0.001040
-0.001040
-0.001040
-0.001040
-0.001040
-0.001040
-0.001000
-0.001000
-0.001000
-0.001000
-0.001000
-0.001000
-0.001000
-0.001000
-0.001000
-0.001000
-0.000950
-0.000950
-0.000950
-0.000950
-0.000950
-0.000950
-0.000950
-0.000950
-0.000950
-0.000950
-0.000910
-0.000910
-0.000910
-0.000910
-0.000910
-0.000910
-0.000910
-0.000910
-0.000910
-0.000910
-0.000860
-0.000860
-0.000860
-0.000860
-0.000860
-0.000860
-0.000860
-0.000860
-0.000860
-0.000860
-0.000810
-0.000810
-0.000810
-0.000810
-0.000810
-0.000810
-0.000810
-0.000810
-0.000810
-0.000810
-0.000770
-0.000770
-0.000770
-0.000770
-0.000770
-0.000770
-0.000770
-0.000770
-0.000770
-0.000770
-0.000720
-0.000720
-0.000720
-0.000720
-0.000720
-0.000720
-0.000720
-0.000720
-0.000720
-0.000720
-0.000680
-0.000680
-0.000680
-0.000680
-0.000680
-0.000680
-0.000680
-0.000680
-0.000680
-0.000680
-0.000640
-0.000640
-0.000640
-0.000640
-0.000640
-0.000640
-0.000640
-0.000640
-0.000640
-0.000640
-0.000600
-0.000600
-0.000600
-0.000600
-0.000600
-0.000600
-0.000600
-0.000600
-0.000600
-0.000600
-0.000560
-0.000560
-0.000560
-0.000560
-0.000560
-0.000560
-0.000560
-0.000560
-0.000560
-0.000560
-0.000520
-0.000520
-0.000520
-0.000520
-0.000520
-0.000520
-0.000520
-0.000520
-0.000520
-0.000520
-0.000480
-0.000480
-0.000480
-0.000480
-0.000480
-0.000480
-0.000480
-0.000480
-0.000480
-0.000480
-0.000440
-0.000440
-0.000440
-0.000440
-0.000440
-0.000440
-0.000440
-0.000440
-0.000440
-0.000440
-0.000400
-0.000400
-0.000400
-0.000400
-0.000400
-0.000400
-0.000400
-0.000400
-0.000400
-0.000400
-0.000360
-0.000360
-0.000360
-0.000360
-0.000360
-0.000360
-0.000360
-0.000360
-0.000360
-0.000360
-0.000330
-0.000330
-0.000330
-0.000330
-0.000330
-0.000330
-0.000330
-0.000330
-0.000330
-0.000330
-0.000290
-0.000290
-0.000290
-0.000290
-0.000290
-0.000290
-0.000290
-0.000290
-0.000290
-0.000290
-0.000260
-0.000260
-0.000260
-0.000260
-0.000260
-0.000260
-0.000260
-0.000260
-0.000260
-0.000260
-0.000220
-0.000220
-0.000220
-0.000220
-0.000220
-0.000220
-0.000220
-0.000220
-0.000220
-0.000220
-0.000190
-0.000190
-0.000190
-0.000190
-0.000190
-0.000190
-0.000190
-0.000190
-0.000190
-0.000190
-0.000160
-0.000160
-0.000160
-0.000160
-0.000160
-0.000160
-0.000160
-0.000160
-0.000160
-0.000160
-0.000140
-0.000140
-0.000140
-0.000140
-0.000140
-0.000140
-0.000140
-0.000140
-0.000140
-0.000140
-0.000110
-0.000110
-0.000110
-0.000110
-0.000110
-0.000110
-0.000110
-0.000110
-0.000110
-0.000110
-0.000080
-0.000080
-0.000080
-0.000080
-0.000080
-0.000080
-0.000080
-0.000080
-0.000080
-0.000080
-0.000060
-0.000060
-0.000060
-0.000060
-0.000060
-0.000060
-0.000060
-0.000060
-0.000060
-0.000060
-0.000030
-0.000030
-0.000030
-0.000030
-0.000030
-0.000030
-0.000030
-0.000030
-0.000030
-0.000030
-0.000010
-0.000010
-0.000010
-0.000010
-0.000010
-0.000010
-0.000010
-0.000010
-0.000010
-0.000010
0.000020
0.000020
0.000020
0.000020
0.000020
0.000020
0.000020
0.000020
0.000020
0.000020
0.000040
0.000040
0.000040
0.000040
0.000040
0.000040
0.000040
0.000040
0.000040
0.000040
0.000060
0.000060
0.000060
0.000060
0.000060
0.000060
0.000060
0.000060
0.000060
0.000060
0.000080
0.000080
0.000080
0.000080
0.000080
0.000080
0.000080
0.000080
0.000080
0.000080
0.000100
0.000100
0.000100
0.000100
0.000100
0.000100
0.000100
0.000100
0.000100
0.000100
0.000110
0.000110
0.000110
0.000110
0.000110
0.000110
0.000110
0.000110
0.000110
0.000110
0.000130
0.000130
0.000130
0.000130
0.000130
0.000130
0.000130
0.000130
0.000130
0.000130
0.000140
0.000140
0.000140
0.000140
0.000140
0.000140
0.000140
0.000140
0.000140
0.000140
0.000150
0.000150
0.000150
0.000150
0.000150
0.000150
0.000150
0.000150
0.000150
0.000150
0.000160
0.000160
0.000160
0.000160
0.000160
0.000160
0.000160
0.000160
0.000160
0.000160
0.000180
0.000180
0.000180
0.000180
0.000180
0.000180
0.000180
0.000180
0.000180
0.000180
0.000190
0.000190
0.000190
0.000190
0.000190
0.000190
0.000190
0.000190
0.000190
0.000190
0.000190
0.000190
0.000190
0.000190
0.000190
0.000190
0.000190
0.000190
0.000190
0.000190
0.000200
0.000200
0.000200
0.000200
0.000200
0.000200
0.000200
0.000200
0.000200
0.000200
0.000210
0.000210
0.000210
0.000210
0.000210
0.000210
0.000210
0.000210
0.000210
0.000210
0.000220
0.000220
0.000220
0.000220
0.000220
0.000220
0.000220
0.000220
0.000220
0.000220
0.000220
0.000220
0.000220
0.000220
0.000220
0.000220
0.000220
0.000220
0.000220
0.000220
0.000230
0.000230
0.000230
0.000230
0.000230
0.000230
0.000230
0.000230
0.000230
0.000230
0.000230
0.000230
0.000230
0.000230
0.000230
0.000230
0.000230
0.000230
0.000230
0.000230
0.000240
0.000240
0.000240
0.000240
0.000240
0.000240
0.000240
0.000240
0.000240
0.000240
0.000240
0.000240
0.000240
0.000240
0.000240
0.000240
0.000240
0.000240
0.000240
0.000240
0.000240
0.000240
0.000240
0.000240
0.000240
0.000240
0.000240
0.000240
0.000240
0.000240
0.000250
0.000250
0.000250
0.000250
0.000250
0.000250
0.000250
0.000250
0.000250
0.000250
0.000250
0.000250
0.000250
0.000250
0.000250
0.000250
0.000250
0.000250
0.000250
0.000250
0.000250
0.000250
0.000250
0.000250
0.000250
0.000250
0.000250
0.000250
0.000250
0.000250
0.000250
0.000250
0.000250
0.000250
0.000250
0.000250
0.000250
0.000250
0.000250
0.000250
0.000250
0.000250
0.000250
0.000250
0.000250
0.000250
0.000250
0.000250
0.000250
0.000250
0.000240
0.000240
0.000240
0.000240
0.000240
0.000240
0.000240
0.000240
0.000240
0.000240
0.000240
0.000240
0.000240
0.000240
0.000240
0.000240
0.000240
0.000240
0.000240
0.000240
0.000240
0.000240
0.000240
0.000240
0.000240
0.000240
0.000240
0.000240
0.000240
0.000240
0.000240
0.000240
0.000240
0.000240
0.000240
0.000240
0.000240
0.000240
0.000240
0.000240
0.000230
0.000230
0.000230
0.000230
0.000230
0.000230
0.000230
0.000230
0.000230
0.000230
0.000230
0.000230
0.000230
0.000230
0.000230
0.000230
0.000230
0.000230
0.000230
0.000230
0.000230
0.000230
0.000230
0.000230
0.000230
0.000230
0.000230
0.000230
0.000230
0.000230
0.000220
0.000220
0.000220
0.000220
0.000220
0.000220
0.000220
0.000220
0.000220
0.000220
0.000220
0.000220
0.000220
0.000220
0.000220
0.000220
0.000220
0.000220
0.000220
0.000220
0.000210
0.000210
0.000210
0.000210
0.000210
0.000210
0.000210
0.000210
0.000210
0.000210
0.000210
0.000210
0.000210
0.000210
0.000210
0.000210
0.000210
0.000210
0.000210
0.000210
0.000200
0.000200
0.000200
0.000200
0.000200
0.000200
0.000200
0.000200
0.000200
0.000200
0.000200
0.000200
0.000200
0.000200
0.000200
0.000200
0.000200
0.000200
0.000200
0.000200
0.000190
0.000190
0.000190
0.000190
0.000190
0.000190
0.000190
0.000190
0.000190
0.000190
0.000190
0.000190
0.000190
0.000190
0.000190
0.000190
0.000190
0.000190
0.000190
0.000190
0.000180
0.000180
0.000180
0.000180
0.000180
0.000180
0.000180
0.000180
0.000180
0.000180
0.000180
0.000180
0.000180
0.000180
0.000180
0.000180
0.000180
0.000180
0.000180
0.000180
0.000170
0.000170
0.000170
0.000170
0.000170
0.000170
0.000170
0.000170
0.000170
0.000170
0.000170
0.000170
0.000170
0.000170
0.000170
0.000170
0.000170
0.000170
0.000170
0.000170
0.000160
0.000160
0.000160
0.000160
0.000160
0.000160
0.000160
0.000160
0.000160
0.000160
0.000150
0.000150
0.000150
0.000150
0.000150
0.000150
0.000150
0.000150
0.000150
0.000150
0.000150
0.000150
0.000150
0.000150
0.000150
0.000150
0.000150
0.000150
0.000150
0.000150
0.000140
0.000140
0.000140
0.000140
0.000140
0.000140
0.000140
0.000140
0.000140
0.000140
0.000140
0.000140
0.000140
0.000140
0.000140
0.000140
0.000140
0.000140
0.000140
0.000140
0.000130
0.000130
0.000130
0.000130
0.000130
0.000130
0.000130
0.000130
0.000130
0.000130
0.000130
0.000130
0.000130
0.000130
0.000130
0.000130
0.000130
0.000130
0.000130
0.000130
0.000120
0.000120
0.000120
0.000120
0.000120
0.000120
0.000120
0.000120
0.000120
0.000120
0.000120
0.000120
0.000120
0.000120
0.000120
0.000120
0.000120
0.000120
0.000120
0.000120
0.000110
0.000110
0.000110
0.000110
0.000110
0.000110
0.000110
0.000110
0.000110
0.000110
0.000100
0.000100
0.000100
0.000100
0.000100
0.000100
0.000100
0.000100
0.000100
0.000100
0.000100
0.000100
0.000100
0.000100
0.000100
0.000100
0.000100
0.000100
0.000100
0.000100
0.000090
0.000090
0.000090
0.000090
0.000090
0.000090
0.000090
0.000090
0.000090
0.000090
0.000090
0.000090
0.000090
0.000090
0.000090
0.000090
0.000090
0.000090
0.000090
0.000090
0.000080
0.000080
0.000080
0.000080
0.000080
0.000080
0.000080
0.000080
0.000080
0.000080
0.000080
0.000080
0.000080
0.000080
0.000080
0.000080
0.000080
0.000080
0.000080
0.000080
0.000070
0.000070
0.000070
0.000070
0.000070
0.000070
0.000070
0.000070
0.000070
0.000070
0.000070
0.000070
0.000070
0.000070
0.000070
0.000070
0.000070
0.000070
0.000070
0.000070
0.000060
0.000060
0.000060
0.000060
0.000060
0.000060
0.000060
0.000060
0.000060
0.000060
0.000060
0.000060
0.000060
0.000060
0.000060
0.000060
0.000060
0.000060
0.000060
0.000060
0.000050
0.000050
0.000050
0.000050
0.000050
0.000050
0.000050
0.000050
0.000050
0.000050
0.000050
0.000050
0.000050
0.000050
0.000050
0.000050
0.000050
0.000050
0.000050
0.000050
0.000040
0.000040
0.000040
0.000040
0.000040
0.000040
0.000040
0.000040
0.000040
0.000040
0.000030
0.000030
0.000030
0.000030
0.000030
0.000030
0.000030
0.000030
0.000030
0.000030
0.000030
0.000030
0.000030
0.000030
0.000030
0.000030
0.000030
0.000030
0.000030
0.000030
0.000030
0.000030
0.000030
0.000030
0.000030
0.000030
0.000030
0.000030
0.000030
0.000030
0.000020
0.000020
0.000020
0.000020
0.000020
0.000020
0.000020
0.000020
0.000020
0.000020
0.000020
0.000020
0.000020
0.000020
0.000020
0.000020
0.000020
0.000020
0.000020
0.000020
0.000010
0.000010
0.000010
0.000010
0.000010
0.000010
0.000010
0.000010
0.000010
0.000010
0.000010
0.000010
0.000010
0.000010
0.000010
0.000010
0.000010
0.000010
0.000010
0.000010
0.000000
0.000000
0.000000
0.000000
0.000000
0.000000
0.000000
0.000000
0.000000
0.000000
-0.000000
-0.000000
-0.000000
-0.000000
-0.000000
-0.000000
-0.000000
-0.000000
-0.000000
-0.000000
-0.000000
-0.000000
-0.000000
-0.000000
-0.000000
-0.000000
-0.000000
-0.000000
-0.000000
-0.000000
-0.000010
-0.000010
-0.000010
-0.000010
-0.000010
-0.000010
-0.000010
-0.000010
-0.000010
-0.000010
-0.000010
-0.000010
-0.000010
-0.000010
-0.000010
-0.000010
-0.000010
-0.000010
-0.000010
-0.000010
-0.000010
-0.000010
-0.000010
-0.000010
-0.000010
-0.000010
-0.000010
-0.000010
-0.000010
-0.000010
-0.000020
-0.000020
-0.000020
-0.000020
-0.000020
-0.000020
-0.000020
-0.000020
-0.000020
-0.000020
-0.000020
-0.000020
-0.000020
-0.000020
-0.000020
-0.000020
-0.000020
-0.000020
-0.000020
-0.000020
-0.000020
-0.000020
-0.000020
-0.000020
-0.000020
-0.000020
-0.000020
-0.000020
-0.000020
-0.000020
-0.000020
-0.000020
-0.000020
-0.000020
-0.000020
-0.000020
-0.000020
-0.000020
-0.000020
-0.000020
-0.000020
-0.000020
-0.000020
-0.000020
-0.000020
-0.000020
-0.000020
-0.000020
-0.000020
-0.000020
-0.000030
-0.000030
-0.000030
-0.000030
-0.000030
-0.000030
-0.000030
-0.000030
-0.000030
-0.000030
-0.000030
-0.000030
-0.000030
-0.000030
-0.000030
-0.000030
-0.000030
-0.000030
-0.000030
-0.000030
-0.000030
-0.000030
-0.000030
-0.000030
-0.000030
-0.000030
-0.000030
-0.000030
-0.000030
-0.000030
-0.000030
-0.000030
-0.000030
-0.000030
-0.000030
-0.000030
-0.000030
-0.000030
-0.000030
-0.000030
-0.000030
-0.000030
-0.000030
-0.000030
-0.000030
-0.000030
-0.000030
-0.000030
-0.000030
-0.000030
-0.000030
-0.000030
-0.000030
-0.000030
-0.000030
-0.000030
-0.000030
-0.000030
-0.000030
-0.000030
-0.000030
-0.000030
-0.000030
-0.000030
-0.000030
-0.000030
-0.000030
-0.000030
-0.000030
-0.000030
-0.000030
-0.000030
-0.000030
-0.000030
-0.000030
-0.000030
-0.000030
-0.000030
-0.000030
-0.000030
-0.000040
-0.000040
-0.000040
-0.000040
-0.000040
-0.000040
-0.000040
-0.000040
-0.000040
-0.000040
-0.000040
-0.000040
-0.000040
-0.000040
-0.000040
-0.000040
-0.000040
-0.000040
-0.000040
-0.000040
-0.000040
-0.000040
-0.000040
-0.000040
-0.000040
-0.000040
-0.000040
-0.000040
-0.000040
-0.000040
-0.000040
-0.000040
-0.000040
-0.000040
-0.000040
-0.000040
-0.000040
-0.000040
-0.000040
-0.000040
-0.000040
-0.000040
-0.000040
-0.000040
-0.000040
-0.000040
-0.000040
-0.000040
-0.000040
-0.000040
-0.000040
-0.000040
-0.000040
-0.000040
-0.000040
-0.000040
-0.000040
-0.000040
-0.000040
-0.000040
-0.000040
-0.000040
-0.000040
-0.000040
-0.000040
-0.000040
-0.000040
-0.000040
-0.000040
-0.000040
-0.000040
-0.000040
-0.000040
-0.000040
-0.000040
-0.000040
-0.000040
-0.000040
-0.000040
-0.000040
-0.000040
-0.000040
-0.000040
-0.000040
-0.000040
-0.000040
-0.000040
-0.000040
-0.000040
-0.000040
-0.000040
-0.000040
-0.000040
-0.000040
-0.000040
-0.000040
-0.000040
-0.000040
-0.000040
-0.000040
-0.000040
-0.000040
-0.000040
-0.000040
-0.000040
-0.000040
-0.000040
-0.000040
-0.000040
-0.000040
-0.000040
-0.000040
-0.000040
-0.000040
-0.000040
-0.000040
-0.000040
-0.000040
-0.000040
-0.000040
-0.000040
-0.000040
-0.000040
-0.000040
-0.000040
-0.000040
-0.000040
-0.000040
-0.000040
-0.000040
-0.000040
-0.000040
-0.000040
-0.000040
-0.000040
-0.000040
-0.000040
-0.000040
-0.000040
-0.000040
-0.000040
