-25.000000
-25.000000
-25.000000
-25.000000
-25.000000
-25.000000
-25.000000
-25.000000
-25.000000
-25.000000
-25.000000
-25.000000
-25.000000
-25.000000
-25.000000
-25.000000
-25.000000
-25.000000
-25.000000
-25.000000
-25.000000
-25.000000
-25.000000
-25.000000
-25.000000
-25.000000
-25.000000
-25.000000
-25.000000
-25.000000
-25.000000
-25.000000
-25.000000
-25.000000
-25.000000
-25.000000
-25.000000
-25.000000
-25.000000
-25.000000
-25.000000
-25.000000
-25.000000
-25.000000
-25.000000
-25.000000
-25.000000
-25.000000
-25.000000
-25.000000
-25.000000
-25.000000
-25.000000
-25.000000
-25.000000
-25.000000
-25.000000
-25.000000
-25.000000
-25.000000
-25.000000
-25.000000
-25.000000
-25.000000
-25.000000
-25.000000
-25.000000
-25.000000
-25.000000
-25.000000
-25.000000
-25.000000
-25.000000
-25.000000
-25.000000
-25.000000
-25.000000
-25.000000
-25.000000
-25.000000
-25.000000
-25.000000
-25.000000
-25.000000
-25.000000
-25.000000
-25.000000
-25.000000
-25.000000
-25.000000
-25.000000
-25.000000
-25.000000
-25.000000
-25.000000
-25.000000
-25.000000
-25.000000
-25.000000
-25.000000
-25.000000
-25.000000
-25.000000
-25.000000
-25.000000
-25.000000
-25.000000
-25.000000
-25.000000
-25.000000
-25.000000
-25.000000
-25.000000
-25.000000
-25.000000
-22.568170
-22.568170
-22.568170
-22.568170
-22.568170
-17.994180
-17.994180
-17.994180
-17.994180
-17.994180
-13.327950
-13.327950
-13.327950
-13.327950
-13.327950
-8.610460
-8.610460
-8.610460
-8.610460
-8.610460
-3.887820
-3.887820
-3.887820
-3.887820
-3.887820
0.789340
0.789340
0.789340
0.789340
0.789340
5.357080
5.357080
5.357080
5.357080
5.357080
9.752470
9.752470
9.752470
9.752470
9.752470
13.908980
13.908980
13.908980
13.908980
13.908980
17.757080
17.757080
17.757080
17.757080
17.757080
21.197360
21.197360
21.197360
21.197360
21.197360
24.011420
24.011420
24.011420
24.011420
24.011420
24.577650
24.577650
24.577650
24.577650
24.577650
24.597800
24.597800
24.597800
24.597800
24.597800
24.566530
24.566530
24.566530
24.566530
24.566530
24.616380
24.616380
24.616380
24.616380
24.616380
24.617420
24.617420
24.617420
24.617420
24.617420
24.565820
24.565820
24.565820
24.565820
24.565820
24.690770
24.690770
24.690770
24.690770
24.690770
24.763670
24.763670
24.763670
24.763670
24.763670
24.761380
24.761380
24.761380
24.761380
24.761380
24.752090
24.752090
24.752090
24.752090
24.752090
24.652770
24.652770
24.652770
24.652770
24.652770
24.184540
24.184540
24.184540
24.184540
24.184540
23.447560
23.447560
23.447560
23.447560
23.447560
22.398990
22.398990
22.398990
22.398990
22.398990
21.057330
21.057330
21.057330
21.057330
21.057330
19.460660
19.460660
19.460660
19.460660
19.460660
17.777130
17.777130
17.777130
17.777130
17.777130
15.996300
15.996300
15.996300
15.996300
15.996300
14.099940
14.099940
14.099940
14.099940
14.099940
12.426820
12.426820
12.426820
12.426820
12.426820
10.729950
10.729950
10.729950
10.729950
10.729950
9.385450
9.385450
9.385450
9.385450
9.385450
8.175510
8.175510
8.175510
8.175510
8.175510
7.268160
7.268160
7.268160
7.268160
7.268160
6.654510
6.654510
6.654510
6.654510
6.654510
6.207540
6.207540
6.207540
6.207540
6.207540
5.933120
5.933120
5.933120
5.933120
5.933120
5.791650
5.791650
5.791650
5.791650
5.791650
5.717190
5.717190
5.717190
5.717190
5.717190
5.677660
5.677660
5.677660
5.677660
5.677660
5.685440
5.685440
5.685440
5.685440
5.685440
5.694100
5.694100
5.694100
5.694100
5.694100
5.720580
5.720580
5.720580
5.720580
5.720580
5.748780
5.748780
5.748780
5.748780
5.748780
0.000000
0.000000
0.000000
0.000000
0.000000
0.000000
0.000000
0.000000
0.000000
0.000000
0.000000
0.000000
0.000000
0.000000
0.000000
0.000000
0.000000
0.000000
0.000000
0.000000
0.000000
0.000000
0.000000
0.000000
0.000000
0.000000
0.000000
0.000000
0.000000
0.000000
0.000000
0.000000
0.000000
0.000000
0.000000
0.000000
0.000000
0.000000
0.000000
0.000000
0.000000
0.000000
0.000000
0.000000
0.000000
0.000000
0.000000
0.000000
0.000000
0.000000
0.000000
0.000000
0.000000
0.000000
0.000000
0.000000
0.000000
0.000000
0.000000
0.000000
0.000000
0.000000
0.000000
0.000000
0.000000
0.000000
0.000000
0.000000
0.000000
0.000000
0.000000
0.000000
0.000000
0.000000
0.000000
0.000000
0.000000
0.000000
0.000000
0.000000
0.000000
0.000000
0.000000
0.000000
0.000000
0.000000
0.000000
0.000000
0.000000
0.000000
0.000000
0.000000
0.000000
0.000000
0.000000
0.000000
0.000000
0.000000
0.000000
0.000000
0.000000
0.000000
0.000000
0.000000
0.000000
0.000000
0.000000
0.000000
0.000000
0.000000
0.000000
0.000000
0.000000
0.000000
0.000000
0.000000
0.000000
0.000000
0.000000
0.000000
0.000000
0.000000
0.000000
0.000000
0.000000
0.000000
0.000000
0.000000
0.000000
0.000000
0.000000
0.000000
0.000000
0.000000
0.000000
0.000000
0.000000
0.000000
0.000000
0.000000
0.000000
0.000000
0.000000
0.000000
0.000000
0.000000
0.000000
0.000000
0.000000
0.000000
0.000000
0.000000
0.000000
0.000000
0.000000
0.000000
0.000000
0.000000
0.000000
0.000000
0.000000
0.000000
0.000000
0.000000
0.000000
0.000000
0.000000
0.000000
0.000000
0.000000
0.000000
0.000000
0.000000
0.000000
0.000000
0.000000
0.000000
0.000000
0.000000
0.000000
0.000000
0.000000
0.000000
0.000000
0.000000
0.000000
0.000000
0.000000
0.000000
0.000000
0.000000
0.000000
0.000000
0.000000
0.000000
0.000000
0.000000
0.000000
0.000000
0.000000
0.000000
0.000000
0.000000
0.000000
0.000000
0.000000
0.000000
0.000000
0.000000
0.000000
0.000000
0.000000
0.000000
0.000000
0.000000
0.000000
0.000000
0.000000
0.000000
0.000000
0.000000
0.000000
0.000000
0.000000
0.000000
0.000000
0.000000
0.000000
0.000000
0.000000
0.000000
0.000000
0.000000
0.000000
0.000000
0.000000
0.000000
0.000000
0.000000
0.000000
0.000000
0.000000
0.000000
0.000000
0.000000
0.000000
0.000000
0.000000
0.000000
0.000000
0.000000
0.000000
0.000000
0.000000
0.000000
0.000000
0.000000
0.000000
0.000000
0.000000
0.000000
0.000000
0.000000
0.000000
0.000000
0.000000
0.000000
0.000000
0.000000
0.000000
0.000000
0.000000
0.000000
0.000000
0.000000
0.000000
0.000000
0.000000
0.000000
0.000000
0.000000
0.000000
0.000000
0.000000
0.000000
0.000000
0.000000
0.000000
0.000000
0.000000
0.000000
0.000000
0.000000
0.000000
0.000000
0.000000
0.000000
0.000000
0.000000
0.000000
0.000000
0.000000
0.000000
0.000000
0.000000
0.000000
0.000000
0.000000
0.000000
0.000000
0.000000
0.000000
0.000000
0.000000
0.000000
0.000000
0.000000
0.000000
0.000000
0.000000
0.000000
0.000000
0.000000
0.000000
0.000000
0.000000
