-25.000000
-25.000000
-25.000000
-25.000000
-25.000000
-25.000000
-25.000000
-25.000000
-25.000000
-25.000000
-25.000000
-25.000000
-25.000000
-25.000000
-25.000000
-25.000000
-25.000000
-25.000000
-25.000000
-25.000000
-25.000000
-25.000000
-25.000000
-25.000000
-25.000000
-25.000000
-25.000000
-25.000000
-25.000000
-25.000000
-25.000000
-25.000000
-25.000000
-25.000000
-25.000000
-25.000000
-25.000000
-25.000000
-25.000000
-25.000000
-25.000000
-25.000000
-25.000000
-25.000000
-25.000000
-25.000000
-25.000000
-25.000000
-25.000000
-25.001340
-21.299400
-21.299400
-21.299400
-21.299400
-21.299400
-21.299400
-21.299400
-21.299400
-21.299400
-21.300760
-17.832850
-17.832850
-17.832850
-17.832850
-17.832850
-17.832850
-17.832850
-17.832850
-17.832850
-17.834230
-14.702940
-14.702940
-14.702940
-14.702940
-14.702940
-14.702940
-14.702940
-14.702940
-14.703810
-14.704010
-11.882730
-11.882730
-11.882730
-11.882730
-11.882730
-11.882730
-11.882730
-11.882730
-11.882630
-11.882530
-9.346710
-9.346710
-9.346710
-9.346710
-9.346710
-9.346710
-9.346710
-9.344730
-9.344020
-9.343190
-7.070940
-7.070940
-7.070940
-7.070940
-7.070940
-7.070940
-7.066490
-7.064810
-7.062850
-7.060640
-5.033050
-5.033050
-5.033050
-5.033050
-5.033050
-5.025990
-5.022930
-5.019410
-5.015490
-5.011250
-3.117590
-3.117590
-3.117590
-3.117590
-3.117590
-3.102910
-3.097250
-3.091050
-3.084510
-3.077760
-1.601750
-1.601750
-1.601750
-1.601750
-1.585090
-1.577180
-1.568570
-1.559600
-1.550530
-1.541560
-0.158280
-0.158280
-0.158280
-0.158280
-0.130190
-0.118550
-0.106650
-0.094910
-0.083560
-0.072730
1.121280
1.121280
1.121280
1.147250
1.162350
1.177850
1.192870
1.207030
1.220220
1.232480
2.251810
2.251810
2.251810
2.290440
2.310210
2.329180
2.346620
2.362420
2.376720
2.389730
3.247390
3.247390
3.247390
3.301210
3.325240
3.346960
3.366070
3.382840
3.397690
3.410980
4.120910
4.120910
4.156720
4.186840
4.215110
4.239530
4.260260
4.277960
4.293290
4.306800
4.884080
4.884080
4.930150
4.965690
4.997110
5.023090
5.044500
5.062390
5.077650
5.090910
5.548030
5.548030
5.604560
5.644800
5.678580
5.705550
5.727230
5.745040
5.760020
5.772880
6.720670
6.720670
6.801550
6.850710
6.888590
6.917310
6.939650
6.957590
6.972420
6.984960
8.380430
8.380430
8.508740
8.569370
8.611610
8.641970
8.664870
8.682880
8.697520
8.709740
9.634280
9.634280
9.806850
9.873480
9.917310
9.947930
9.970620
9.988230
10.002380
10.014060
10.540720
10.614180
10.730070
10.806390
10.854320
10.886750
10.910230
10.928090
10.942210
10.953670
11.153220
11.236630
11.361740
11.440300
11.488520
11.520700
11.543740
11.561080
11.574640
11.585540
11.521330
11.608640
11.737020
11.816100
11.864090
11.895840
11.918360
11.935170
11.948170
11.958510
11.689280
11.774490
11.900790
11.979020
12.026420
12.057620
12.079610
12.095880
12.108370
12.118200
11.696440
11.774490
11.893980
11.970090
12.016560
12.047120
12.068560
12.084340
12.096350
12.105740
11.577490
11.577490
11.769540
11.836050
11.877730
11.905580
11.925280
11.939820
11.950880
11.959490
11.363020
11.363020
11.524740
11.587970
11.628560
11.655860
11.675170
11.689390
11.700150
11.708490
11.078470
11.078470
11.207430
11.265600
11.304400
11.330890
11.349720
11.363600
11.374090
11.382190
10.745890
10.745890
10.842720
10.893760
10.929760
10.954980
10.973140
10.986590
10.996790
11.004660
10.383790
10.383790
10.451660
10.493640
10.525550
10.548830
10.565960
10.578800
10.588610
10.596210
10.007380
10.007380
10.051280
10.082990
10.109400
10.129830
10.145390
10.157320
10.166560
10.173790
9.628970
9.628970
9.628970
9.679060
9.698510
9.714610
9.727490
9.737710
9.745820
9.752280
9.258530
9.258530
9.258530
9.285530
9.298370
9.310020
9.320010
9.328350
9.335230
9.340870
8.903060
8.903060
8.903060
8.903060
8.922850
8.929660
8.935980
8.941620
8.946530
8.950750
8.568190
8.568190
8.568190
8.568190
8.568190
8.568190
8.581740
8.584550
8.587160
8.589530
8.257630
8.257630
8.257630
8.257630
8.257630
8.257630
8.257630
8.257630
8.257630
8.263320
-2879.933660
79.941880
81.470480
83.074290
84.763810
86.551530
88.452510
90.485030
92.671530
95.039930
97.625400
100.472970
103.641330
107.208630
111.281510
116.009870
121.612050
128.420590
136.971320
148.194110
163.876450
188.012220
232.023250
349.934550
15767.268030
-20.078400
-19.306480
-18.587680
-17.920380
-17.302940
-16.733710
-16.211030
-15.733230
-15.298660
-14.905670
-14.552610
-14.237870
-13.959840
-13.716950
-13.507650
-13.330400
-13.183720
-13.066140
-12.976240
-12.912610
-12.873900
-12.858790
-12.865990
-12.894270
-12.942400
-13.009210
-13.093590
-13.194430
-13.310670
-13.441310
-13.585360
-13.741870
-13.995160
-15.291240
-16.601170
-17.924510
-19.260860
-20.609830
-21.971050
-23.344180
-24.728910
-26.124940
-27.532020
-28.949890
-30.378350
-31.817190
-33.266240
-34.725360
-36.194420
-37.673300
-39.161930
-40.660250
-42.168200
-43.685760
-45.212930
-46.749710
-48.296130
-49.852240
-51.418100
-52.993770
-54.579350
-56.174950
-57.780680
-59.396670
-61.023070
-62.660030
-64.307730
-65.966350
-67.636080
-69.317140
-71.009750
-72.714150
-74.430590
-76.159350
-77.900700
-79.654960
-81.422460
-83.203540
-84.998570
-86.807980
-88.632170
-90.471630
-92.326860
-94.198400
-96.086840
-97.992850
-99.917120
-101.860420
-103.823610
-105.807610
-107.813450
-109.842260
-111.895280
-113.973900
-116.079650
-118.214230
-120.379530
-122.577660
-124.810980
-127.082130
-129.394060
-131.750100
-134.153990
-136.609960
-139.122800
-141.697940
-144.341570
-147.060770
-149.863660
-152.759590
-155.759380
-158.875620
-162.123020
-165.518890
-169.083710
-172.841930
-176.822920
-181.062350
-185.603950
-190.501940
-195.824490
-201.658530
-208.116920
-215.349100
-223.557640
-233.025000
-244.158550
-257.570810
-274.232560
-295.791580
-325.317700
-369.351760
-445.128960
-620.393960
-1865.920530
191.274120
230.765020
296.427780
434.252150
1000.453270
-855.324900
1672.153030
-417.862650
-549.623730
-1083.502040
641.090470
-14609.924510
31.430810
30.417860
29.426850
28.458020
27.511580
26.587660
25.686350
24.807720
23.951750
23.118430
22.307670
21.519380
20.753420
20.009620
19.287790
18.587720
17.909160
17.251850
16.615510
15.999860
15.404570
14.829330
14.273800
13.737640
13.220480
12.721980
12.241760
11.779440
11.334660
10.907030
10.496170
10.101690
9.723210
9.360350
9.012720
8.679940
8.361640
8.057430
7.766940
7.489810
7.225650
6.974120
6.734860
6.507510
6.291730
6.087170
5.893500
5.710390
5.537510
5.374550
5.221190
5.077130
4.942070
4.815710
4.697770
4.587960
4.486030
4.391680
4.304670
4.224740
4.151640
4.085130
4.024970
3.970940
3.922800
3.880340
3.843360
3.811630
3.784970
3.763170
3.746050
3.733430
3.725120
3.720960
3.720760
3.724390
3.731660
3.742430
3.756560
3.773890
3.794300
3.817640
3.843780
3.872590
4.177350
4.872490
5.571970
6.275730
6.983700
7.695820
8.412030
9.132270
9.856480
10.584610
11.316610
12.052430
12.792020
13.535330
14.282330
15.032970
15.787210
16.545030
17.306380
18.071230
18.839560
19.611350
20.386570
21.165210
21.947240
22.732660
23.521460
24.313640
25.109190
25.908120
26.710450
27.516170
28.325320
29.137910
29.953980
30.773560
31.596690
32.423430
33.253840
34.087970
34.925910
35.767740
36.613560
37.463470
38.317590
39.176060
40.039030
40.906640
41.779100
42.656590
43.539340
44.427580
45.321590
46.221660
47.128110
48.041290
48.961610
49.889480
50.825380
51.769830
52.723410
53.686750
54.660560
55.645590
56.642700
57.652850
58.677070
59.716530
60.772520
61.846490
62.940030
64.054950
65.193270
66.357260
67.549470
68.772800
70.030530
71.326410
72.664720
74.050380
75.489070
76.987370
78.552980
80.194930
81.923900
83.752630
85.696430
87.773870
90.007710
92.426240
95.064990
97.969410
101.198530
104.830740
108.972630
113.773310
119.448870
126.326120
134.926970
146.146430
161.676120
185.199450
226.787840
329.363760
1580.368680
-35.158030
-36.627660
-38.252680
-40.059770
-42.082370
-44.363020
-46.956840
-49.936640
-53.400910
-57.486610
-62.390700
-68.408260
-76.004840
-85.965710
-99.740850
-120.376820
-155.707520
-234.908760
-674.040040
242.514290
419.422450
-681.216620
239.643330
405.156140
-837.789370
190.376330
245.554000
432.247810
-595.431660
289.473710
827.854280
-109.811400
-137.093210
-189.988320
-354.910100
1196.148740
-53.458880
-57.741310
-62.924410
-69.352210
-77.581260
-88.582190
-104.232780
-128.766370
-174.459910
-301.115510
12509.877080
-23.570020
-23.080180
-22.617110
-22.180110
-21.768430
-21.381370
-21.018180
-20.678160
-20.360580
-20.064730
-19.789920
-19.535440
-19.300620
-19.084770
-18.887230
-18.707340
-18.544460
-18.397960
-18.267230
-18.151640
-18.050620
-17.963580
-17.889960
-17.829200
-17.780770
-17.744140
-17.718800
-17.704250
-17.700010
-17.705610
-17.720590
-17.744520
-17.776950
-17.817490
-17.865710
-17.921240
-17.983700
-18.052710
-18.127940
-18.209030
-18.295660
-18.422440
-19.398140
-20.381670
-21.372880
-22.371650
-23.377830
-24.391320
-25.412000
-26.439770
-27.474530
-28.516180
-29.564640
-30.619840
-31.681700
-32.750170
-33.825180
-34.906690
-35.994660
-37.089060
-38.189860
-39.297040
-40.410590
-41.530510
-42.656800
-43.789480
-44.928570
-46.074090
-47.226100
-48.384620
-49.549720
-50.721460
-51.899930
-53.085200
-54.277370
-55.476550
-56.682860
-57.896440
-59.117430
-60.345990
-61.582310
-62.826570
-64.079000
-65.339820
-66.609300
-67.887710
-69.175360
-70.472590
-71.779760
-73.097270
-74.425550
-75.765100
-77.116420
-78.480110
-79.856770
-81.247120
-82.651900
-84.071950
-85.508200
-86.961660
-88.433440
-89.924790
-91.437070
-92.971810
-94.530700
-96.115610
-97.728650
-99.372150
-101.048740
-102.761380
-104.513370
-106.308480
-108.150960
-110.045640
-111.998030
-114.014470
-116.102230
-118.269750
-120.526810
-122.884880
-125.357450
-127.960520
-130.713210
-133.638570
-136.764650
-140.125980
-143.765570
-147.737730
-152.112210
-156.980140
-162.463280
-168.728390
-176.010880
-184.655530
-195.190910
-208.475930
-226.018270
-250.763040
-289.455960
-362.258370
-575.582110
2536.191490
-177.829870
-186.060560
-195.965120
-208.249880
-224.109030
-245.755580
-277.867950
-332.614650
-456.538660
-1228.184190
177.462330
236.499480
375.677780
1421.396930
-279.031200
-333.983760
-458.338620
-1231.407440
178.746700
238.570240
380.500330
1495.810440
-269.175990
-315.304880
-408.624130
-755.490760
626.468510
-1019.310570
273.401510
496.398580
-4280.754040
0.000000
0.000000
0.000000
0.000000
0.000000
0.000000
0.000000
0.000000
0.000000
0.000000
0.000000
0.000000
0.000000
0.000000
0.000000
0.000000
0.000000
0.000000
0.000000
0.000000
0.000000
0.000000
0.000000
0.000000
0.000000
0.000000
0.000000
0.000000
0.000000
0.000000
0.000000
0.000000
0.000000
0.000000
0.000000
0.000000
0.000000
0.000000
0.000000
0.000000
0.000000
0.000000
0.000000
0.000000
0.000000
0.000000
0.000000
0.000000
0.000000
0.000000
0.000000
0.000000
0.000000
0.000000
0.000000
0.000000
0.000000
0.000000
0.000000
0.000000
0.000000
0.000000
0.000000
0.000000
0.000000
0.000000
0.000000
0.000000
0.000000
0.000000
0.000000
0.000000
0.000000
0.000000
0.000000
0.000000
0.000000
0.000000
0.000000
0.000000
0.000000
0.000000
0.000000
0.000000
0.000000
0.000000
0.000000
0.000000
0.000000
-25.000000
-25.000000
-25.147910
-25.219380
-25.270990
-25.309890
-25.340910
-25.366870
-25.389430
-25.409590
-25.000000
-25.000000
-25.132490
-25.201510
-25.252790
-25.292070
-25.323720
-25.350380
-25.373620
-25.394360
-25.000000
-25.000000
-25.118570
-25.184810
-25.235410
-25.274770
-25.306740
-25.333790
-25.357360
-25.378270
-25.000000
-25.000000
-25.105720
-25.168780
-25.218300
-25.257360
-25.289320
-25.316390
-25.339900
-25.360590
-25.000000
-25.000000
-25.093590
-25.152990
-25.200960
-25.239310
-25.270850
-25.297570
-25.320660
-25.340750
-25.000000
-25.000000
-25.081910
-25.137110
-25.182980
-25.220160
-25.250880
-25.276870
-25.299190
-25.318390
-25.000000
-25.000000
-25.070500
-25.120920
-25.164070
-25.199570
-25.229030
-25.253930
-25.275190
-25.293310
-25.000000
-25.000000
-25.059320
-25.104310
-25.144090
-25.177340
-25.205120
-25.228570
-25.248510
-25.265400
-25.000000
-25.000000
-25.048410
-25.087360
-25.123050
-25.153480
-25.179100
-25.200760
-25.219140
-25.234660
-25.000000
-25.000000
-25.037950
-25.070330
-25.101220
-25.128200
-25.151180
-25.170670
-25.187220
-25.201210
-25.000000
-25.000000
-25.028200
-25.053700
-25.079120
-25.102000
-25.121820
-25.138750
-25.153170
-25.165380
-25.000000
-25.000000
-25.000000
-25.040330
-25.059700
-25.077660
-25.093520
-25.107230
-25.118960
-25.128940
-25.000000
-25.000000
-25.000000
-25.025510
-25.038950
-25.051940
-25.063770
-25.074160
-25.083130
-25.090750
-25.000000
-25.000000
-25.000000
-25.000000
-25.022740
-25.030690
-25.038120
-25.044780
-25.050550
-25.055440
-25.000000
-25.000000
-25.000000
-25.000000
-25.000000
-25.013750
-25.017240
-25.020400
-25.023120
-25.025370
-25.000000
-25.000000
-25.000000
-25.000000
-25.000000
-25.000000
-25.000000
-25.000000
-25.000000
-25.006450
-23.393740
-23.393740
-23.393740
-23.393740
-23.393740
-23.393740
-23.393740
-23.393740
-23.393740
-23.393740
-20.346780
-20.346780
-20.346780
-20.346780
-20.346780
-20.346780
-20.346780
-20.346780
-20.346780
-20.346780
-17.624660
-17.624660
-17.624660
-17.624660
-17.624660
-17.624660
-17.624660
-17.617160
-17.613890
-17.609830
-15.198570
-15.198570
-15.198570
-15.198570
-15.198570
-15.184280
-15.177450
-15.169370
-15.160220
-15.150240
-13.042420
-13.042420
-13.042420
-13.028970
-13.018590
-13.005930
-12.991670
-12.976470
-12.960890
-12.945410
-11.132220
-11.132220
-11.132220
-11.101240
-11.081200
-11.059360
-11.037140
-11.015420
-10.994760
-10.975560
-9.100560
-9.100560
-9.072840
-9.044200
-9.012600
-8.981410
-8.952030
-8.924960
-8.900380
-8.878520
-7.097850
-7.097850
-7.047400
-7.003360
-6.960490
-6.921740
-6.887230
-6.856480
-6.829170
-6.805330
-5.399070
-5.399070
-5.317360
-5.258500
-5.207180
-5.163660
-5.126150
-5.093250
-5.064190
-5.038770
-3.971640
-3.971640
-3.851590
-3.780980
-3.724600
-3.678790
-3.640100
-3.606410
-3.576610
-3.550210
-2.785290
-2.785290
-2.622650
-2.544390
-2.485820
-2.439620
-2.401170
-2.367900
-2.338400
-2.312000
-1.812090
-1.743140
-1.623320
-1.534600
-1.472220
-1.424880
-1.386450
-1.353730
-1.324980
-1.299250
0.266760
0.374400
0.528930
0.625620
0.689160
0.735840
0.772980
0.804150
0.831260
0.855430
1.965840
2.118200
2.300910
2.401240
2.464220
2.509360
2.544590
2.573670
2.598610
2.620570
3.164120
3.357760
3.559010
3.660140
3.721640
3.764810
3.797890
3.824740
3.847390
3.867040
3.941480
4.166980
4.378860
4.479380
4.539080
4.580210
4.611180
4.635880
4.656390
4.673890
4.370150
4.614260
4.830830
4.930120
4.988010
5.027210
5.056230
5.079000
5.097580
5.113190
4.514870
4.762940
4.979590
5.077410
5.133610
5.171080
5.198380
5.219450
5.236380
5.250370
4.433030
4.671180
4.883870
4.980080
5.034770
5.070740
5.096570
5.116200
5.131730
5.144360
4.175050
4.391760
4.596450
4.690840
4.744160
4.778840
4.803440
4.821880
4.836250
4.847770
3.784660
3.971820
4.164130
4.256270
4.308310
4.341900
4.365460
4.382930
4.396360
4.406980
3.299400
3.452760
3.627990
3.717100
3.767810
3.800420
3.823120
3.839790
3.852480
3.862400
2.751070
2.870030
3.023600
3.108400
3.157560
3.189220
3.211170
3.227180
3.239270
3.248640
2.166190
2.253270
2.381390
2.460010
2.507120
2.537720
2.558950
2.574400
2.586000
2.594940
1.566540
1.566540
1.740790
1.805790
1.846990
1.874520
1.893890
1.908090
1.918790
1.927030
0.970010
0.970010
1.089360
1.145860
1.184130
1.210430
1.229160
1.242950
1.253370
1.261400
0.389840
0.389840
0.464860
0.509500
0.542760
0.566760
0.584310
0.597420
0.607410
0.615150
257.766410
923.792160
-59.945820
-66.331130
-74.682170
-86.189380
-103.333000
-132.402520
-196.168180
-513.733390
-0.907450
-0.907450
-0.907450
-0.864940
-0.847330
-0.832350
-0.820130
-0.810290
-0.802380
-0.796020
-1.239650
-1.239650
-1.239650
-1.216940
-1.205630
-1.195120
-1.185910
-1.178100
-1.171580
-1.166170
-1.556870
-1.556870
-1.556870
-1.556870
-1.540260
-1.534300
-1.528670
-1.523570
-1.519070
-1.515170
-1.854080
-1.854080
-1.854080
-1.854080
-1.854080
-1.854080
-1.842880
-1.840470
-1.838220
-1.836170
-2.127990
-2.127990
-2.127990
-2.127990
-2.127990
-2.127990
-2.127990
-2.127990
-2.127990
-2.127990
-2.376610
-2.376610
-2.376610
-2.376610
-2.376610
-2.376610
-2.376610
-2.376610
-2.376610
-2.376610
496.167250
-202.097470
-558.811760
219.872300
428.388300
-298.688010
1305.620940
-29.572580
-30.724300
-31.993750
-25.000000
-26.439570
-26.617340
-26.686580
-26.721250
-26.739830
-26.749520
-26.753780
-26.754510
-26.752840
-24.845270
-26.095460
-26.292880
-26.369020
-26.408540
-26.431330
-26.444960
-26.453020
-26.457450
-26.459410
-22.298740
-23.214820
-23.443880
-23.528890
-23.573720
-23.600750
-23.618180
-23.629800
-23.637640
-23.642890
-19.869710
-20.520690
-20.766000
-20.856360
-20.904450
-20.934150
-20.954010
-20.967950
-20.978030
-20.985460
-17.583600
-18.030120
-18.273460
-18.366400
-18.416340
-18.447630
-18.468990
-18.484380
-18.495890
-18.504740
-15.457530
-15.751960
-15.975510
-16.068500
-16.119230
-16.151360
-16.173580
-16.189850
-16.202250
-16.211980
-13.501630
-13.687590
-13.877330
-13.967450
-14.017950
-14.050340
-14.072960
-14.089690
-14.102590
-14.112850
-11.720250
-11.832370
-11.980580
-12.064060
-12.113100
-12.145130
-12.167750
-12.184630
-12.197750
-12.208270
-10.113060
-10.113060
-10.298740
-10.365470
-10.408060
-10.437090
-10.458120
-10.474100
-10.486700
-10.496930
-8.676430
-8.676430
-8.787460
-8.843210
-8.882280
-8.910040
-8.930580
-8.946380
-8.958940
-8.969190
-7.402860
-7.402860
-7.464250
-7.505040
-7.537540
-7.562310
-7.581380
-7.596390
-7.608510
-7.618520
-6.283430
-6.283430
-6.283430
-6.344310
-6.367570
-6.386990
-6.402890
-6.415960
-6.426820
-6.436000
-5.308000
-5.308000
-5.308000
-5.337690
-5.352610
-5.366610
-5.379080
-5.389970
-5.399420
-5.407650
-4.464740
-4.464740
-4.464740
-4.464740
-4.486200
-4.494510
-4.502670
-4.510380
-4.517530
-4.524080
-3.742020
-3.742020
-3.742020
-3.742020
-3.742020
-3.742020
-3.759580
-3.764070
-3.768570
-3.772970
-3.128030
-3.128030
-3.128030
-3.128030
-3.128030
-3.128030
-3.128030
-3.128030
-3.138710
-3.141070
-2.610980
-2.610980
-2.610980
-2.610980
-2.610980
-2.610980
-2.610980
-2.610980
-2.610980
-2.610980
-2.179800
-2.179800
-2.179800
-2.179800
-2.179800
-2.179800
-2.179800
-2.179800
-2.179800
-2.179800
-1.824200
-1.824200
-1.824200
-1.824200
-1.824200
-1.824200
-1.824200
-1.824200
-1.824200
-1.824200
-1.534780
-1.534780
-1.534780
-1.534780
-1.534780
-1.534780
-1.534780
-1.534780
-1.534780
-1.534780
-1.302670
-1.302670
-1.302670
-1.302670
-1.302670
-1.302670
-1.302670
-1.302670
-1.302670
-1.302670
-1.119550
-1.119550
-1.119550
-1.119550
-1.119550
-1.119550
-1.119550
-1.119550
-1.119550
-1.119550
-0.977750
-0.977750
-0.977750
-0.977750
-0.977750
-0.977750
-0.977750
-0.977750
-0.977750
-0.977750
-0.870290
-0.870290
-0.870290
-0.870290
-0.870290
-0.870290
-0.870290
-0.870290
-0.870290
-0.870290
-0.790820
-0.790820
-0.790820
-0.790820
-0.790820
-0.790820
-0.790820
-0.790820
-0.790820
-0.790820
-0.733690
-0.733690
-0.733690
-0.733690
-0.733690
-0.733690
-0.733690
-0.733690
-0.733690
-0.733690
-0.693900
-0.693900
-0.693900
-0.693900
-0.693900
-0.693900
-0.693900
-0.693900
-0.693900
-0.693900
-0.667050
-0.667050
-0.667050
-0.667050
-0.667050
-0.667050
-0.667050
-0.667050
-0.667050
-0.667050
-0.649360
-0.649360
-0.649360
-0.649360
-0.649360
-0.649360
-0.649360
-0.649360
-0.649360
-0.649360
-0.637580
-0.637580
-0.637580
-0.637580
-0.637580
-0.637580
-0.637580
-0.637580
-0.637580
-0.646240
-0.628830
-0.628830
-0.628830
-0.628830
-0.628830
-0.628830
-0.628830
-0.628830
-0.639030
-0.641340
-0.620760
-0.620760
-0.620760
-0.620760
-0.620760
-0.620760
-0.620760
-0.631840
-0.634630
-0.637540
-0.611450
-0.611450
-0.611450
-0.611450
-0.611450
-0.611450
-0.622540
-0.625810
-0.629230
-0.632740
-0.599410
-0.599410
-0.599410
-0.599410
-0.599410
-0.599410
-0.613680
-0.617610
-0.621640
-0.625680
-0.583650
-0.583650
-0.583650
-0.583650
-0.583650
-0.583650
-0.601270
-0.605830
-0.610400
-0.614910
-0.563360
-0.563360
-0.563360
-0.563360
-0.563360
-0.578540
-0.583570
-0.588710
-0.593800
-0.598750
-0.537740
-0.537740
-0.537740
-0.537740
-0.537740
-0.555460
-0.561080
-0.566740
-0.572270
-0.577570
-0.506680
-0.506680
-0.506680
-0.506680
-0.506680
-0.526850
-0.533010
-0.539120
-0.545010
-0.550620
-0.470010
-0.470010
-0.470010
-0.470010
-0.470010
-0.492500
-0.499130
-0.505630
-0.511840
-0.517690
-0.427750
-0.427750
-0.427750
-0.427750
-0.427750
-0.452370
-0.459410
-0.466240
-0.472710
-0.478770
-0.380020
-0.380020
-0.380020
-0.380020
-0.398010
-0.405390
-0.412820
-0.420000
-0.426790
-0.433100
-0.326790
-0.326790
-0.326790
-0.326790
-0.345990
-0.353730
-0.361460
-0.368900
-0.375870
-0.382330
-0.268600
-0.268600
-0.268600
-0.268600
-0.288850
-0.296890
-0.304890
-0.312520
-0.319650
-0.326230
-0.205790
-0.205790
-0.205790
-0.205790
-0.226930
-0.235230
-0.243430
-0.251230
-0.258490
-0.265160
-0.138720
-0.138720
-0.138720
-0.138720
-0.160610
-0.169120
-0.177490
-0.185420
-0.192780
-0.199540
-0.067790
-0.067790
-0.067790
-0.067790
-0.090290
-0.098960
-0.107470
-0.115510
-0.122950
-0.129770
0.006610
0.006610
0.006610
0.006610
-0.016370
-0.025180
-0.033790
-0.041910
-0.049420
-0.056280
0.084090
0.084090
0.084090
0.084090
0.060740
0.051840
0.043140
0.034960
0.027410
0.020510
0.164270
0.164270
0.164270
0.164270
0.140660
0.131680
0.122920
0.114690
0.107110
0.100180
0.246790
0.246790
0.246790
0.246790
0.222990
0.213960
0.205170
0.196910
0.189290
0.182350
0.331310
0.331310
0.331310
0.331310
0.307400
0.298340
0.289520
0.281230
0.273610
0.266650
0.417520
0.417520
0.417520
0.417520
0.393550
0.384480
0.375640
0.367350
0.359710
0.352740
0.505120
0.505120
0.505120
0.505120
0.481150
0.472060
0.463220
0.454930
0.447290
0.440310
0.593860
0.593860
0.593860
0.593860
0.569910
0.560830
0.552000
0.543700
0.536060
0.529080
0.683500
0.683500
0.683500
0.683500
0.659600
0.650530
0.641700
0.633410
0.625770
0.618800
0.773820
0.773820
0.773820
0.773820
0.749990
0.740940
0.732130
0.723850
0.716210
0.709240
0.864650
0.864650
0.864650
0.864650
0.840900
0.831880
0.823080
0.814800
0.807180
0.800210
0.955830
0.955830
0.955830
0.955830
0.932170
0.923170
0.914380
0.906120
0.898500
0.891540
1.047220
1.047220
1.047220
1.047220
1.023650
1.014670
1.005900
0.997650
0.990040
0.983090
1.138710
1.138710
1.138710
1.138710
1.115230
1.106270
1.097510
1.089280
1.081670
1.074720
1.230200
1.230200
1.230200
1.230200
1.206800
1.197860
1.189120
1.180890
1.173300
1.166350
1.321610
1.321610
1.321610
1.321610
1.298290
1.289360
1.280640
1.272420
1.264830
1.257890
1.412890
1.412890
1.412890
1.412890
1.389620
1.380720
1.372010
1.363800
1.356220
1.349270
1.503970
1.503970
1.503970
1.503970
1.480770
1.471870
1.463170
1.454970
1.447390
1.440450
1.594830
1.594830
1.594830
1.594830
1.571670
1.562790
1.554100
1.545900
1.538320
1.531380
1.685440
1.685440
1.685440
1.685440
1.662320
1.653440
1.644760
1.636560
1.628990
1.622050
1.775780
1.775780
1.775780
1.775780
1.752680
1.743810
1.735130
1.726940
1.719360
1.712420
1.865840
1.865840
1.865840
1.865840
1.842760
1.833890
1.825210
1.817010
1.809440
1.802490
1.955620
1.955620
1.955620
1.955620
1.932540
1.923670
1.914990
1.906790
1.899210
1.892270
2.045110
2.045110
2.045110
2.045110
2.022030
2.013160
2.004470
1.996270
1.988690
1.981740
2.134330
2.134330
2.134330
2.134330
2.111240
2.102360
2.093670
2.085470
2.077880
2.070920
2.223290
2.223290
2.223290
2.223290
2.200170
2.191280
2.182590
2.174380
2.166780
2.159820
2.311990
2.311990
2.311990
2.311990
2.288830
2.279940
2.271230
2.263020
2.255410
2.248450
2.400440
2.400440
2.400440
2.400440
2.377250
2.368340
2.359630
2.351400
2.343790
2.336820
2.488660
2.488660
2.488660
2.488660
2.465430
2.456510
2.447780
2.439540
2.431920
2.424950
2.576660
2.576660
2.576660
2.576660
2.553380
2.544450
2.535710
2.527460
2.519830
2.512840
2.664460
2.664460
2.664460
2.664460
2.641130
2.632180
2.623420
2.615160
2.607530
2.600530
2.752070
2.752070
2.752070
2.752070
2.728680
2.719710
2.710940
2.702670
2.695020
2.688020
2.839510
2.839510
2.839510
2.839510
2.816050
2.807070
2.798280
2.790000
2.782340
2.775330
2.926780
2.926780
2.926780
2.926780
2.903260
2.894260
2.885450
2.877160
2.869490
2.862460
3.013900
3.013900
3.013900
3.013900
2.990310
2.981290
2.972470
2.964160
2.956480
2.949450
3.100880
3.100880
3.100880
3.100880
3.077220
3.068180
3.059340
3.051020
3.043330
3.036290
3.187730
3.187730
3.187730
3.187730
3.164000
3.154940
3.146090
3.137750
3.130040
3.122990
3.274460
3.274460
3.274460
3.274460
3.250660
3.241580
3.232700
3.224350
3.216630
3.209570
3.361080
3.361080
3.361080
3.361080
3.337200
3.328100
3.319210
3.310840
3.303110
3.296040
3.447590
3.447590
3.447590
3.447590
3.423640
3.414520
3.405610
3.397230
3.389490
3.382410
3.534010
3.534010
3.534010
3.534010
3.509980
3.500840
3.491910
3.483520
3.475760
3.468670
3.620330
3.620330
3.620330
3.620330
3.596230
3.587060
3.578120
3.569710
3.561950
3.554840
3.706570
3.706570
3.706570
3.706570
3.682390
3.673200
3.664240
3.655820
3.648040
3.640930
3.792720
3.792720
3.792720
3.792720
3.768470
3.759260
3.750280
3.741840
3.734050
3.726930
3.878790
3.878790
3.878790
3.878790
3.854470
3.845240
3.836240
3.827780
3.819980
3.812850
3.964790
3.964790
3.964790
3.964790
3.940390
3.931140
3.922120
3.913650
3.905840
3.898700
4.050710
4.050710
4.050710
4.050710
4.026240
4.016970
4.007930
3.999450
3.991620
3.984470
4.136560
4.136560
4.136560
4.136560
4.112010
4.102720
4.093670
4.085170
4.077330
4.070170
4.222340
4.222340
4.222340
4.222340
4.197720
4.188400
4.179330
4.170820
4.162970
4.155800
4.308050
4.308050
4.308050
4.308050
4.283350
4.274010
4.264930
4.256400
4.248540
4.241360
4.393690
4.393690
4.393690
4.393690
4.368920
4.359560
4.350460
4.341910
4.334040
4.326850
4.479260
4.479260
4.479260
4.479260
4.454410
4.445030
4.435910
4.427350
4.419470
4.412270
4.564760
4.564760
4.564760
4.564760
4.539840
4.530440
4.521300
4.512730
4.504830
4.497620
4.650190
4.650190
4.650190
4.650190
4.625190
4.615780
4.606620
4.598030
4.590130
4.582910
4.735550
4.735550
4.735550
4.735550
4.710480
4.701040
4.691870
4.683270
4.675350
4.668120
4.820840
4.820840
4.820840
4.820840
4.795700
4.786240
4.777050
4.768440
4.760510
4.753270
4.906060
4.906060
4.906060
4.906060
4.880850
4.871370
4.862170
4.853540
4.845600
4.838350
4.991210
4.991210
4.991210
4.991210
4.965930
4.956430
4.947210
4.938570
4.930610
4.923350
5.076300
5.076300
5.076300
5.076300
5.050940
5.041420
5.032180
5.023520
5.015560
5.008290
5.161310
5.161310
5.161310
5.161310
5.135880
5.126340
5.117080
5.108410
5.100440
5.093160
5.246250
5.246250
5.246250
5.246250
5.220750
5.211190
5.201920
5.193230
5.185240
5.177960
5.331110
5.331110
5.331110
5.331110
5.305550
5.295970
5.286670
5.277980
5.269980
5.262680
5.415910
5.415910
5.415910
5.415910
5.390270
5.380670
5.371360
5.362650
5.354640
5.347330
5.500630
5.500630
5.500630
5.500630
5.474920
5.465300
5.455980
5.447250
5.439230
5.431910
5.585280
5.585280
5.585280
5.585280
5.559500
5.549860
5.540520
5.531780
5.523750
5.516420
5.669860
5.669860
5.669860
5.669860
5.644000
5.634350
5.624990
5.616230
5.608190
5.600850
5.754360
5.754360
5.754360
5.754360
5.728440
5.718760
5.709380
5.700610
5.692560
5.685220
5.838790
5.838790
5.838790
5.838790
5.812790
5.803100
5.793700
5.784920
5.776860
5.769500
5.923150
5.923150
5.923150
5.923150
5.897080
5.887360
5.877950
5.869160
5.861080
5.853720
6.007430
6.007430
6.007430
6.007430
5.981290
5.971550
5.962130
5.953320
5.945230
5.937850
6.091640
6.091640
6.091640
6.091640
6.065420
6.055660
6.046220
6.037400
6.029300
6.021920
6.175770
6.175770
6.175770
6.175770
6.149490
6.139710
6.130250
6.121410
6.113300
6.105910
6.259830
6.259830
6.259830
6.259830
6.233470
6.223670
6.214200
6.205350
6.197230
6.189830
6.343810
6.343810
6.343810
6.343810
6.317380
6.307560
6.298070
6.289210
6.281080
6.273670
6.427720
6.427720
6.427720
6.427720
6.401220
6.391380
6.381870
6.373000
6.364850
6.357430
6.511560
6.511560
6.511560
6.511560
6.484990
6.475130
6.465600
6.456710
6.448560
6.441130
6.595310
6.595310
6.595310
6.595310
6.568670
6.558790
6.549250
6.540340
6.532180
6.524740
6.679000
6.679000
6.679000
6.679000
6.652280
6.642380
6.632830
6.623910
6.615730
6.608280
6.762610
6.762610
6.762610
6.762610
6.735820
6.725900
6.716330
6.707400
6.699210
6.691750
6.846140
6.846140
6.846140
6.846140
6.819280
6.809340
6.799750
6.790810
6.782600
6.775140
6.929600
6.929600
6.929600
6.929600
6.902670
6.892710
6.883100
6.874140
6.865930
6.858460
7.012990
7.012990
7.012990
7.012990
6.985990
6.976010
6.966390
6.957410
6.949190
6.941700
7.096300
7.096300
7.096300
7.096300
7.069220
7.059220
7.049580
7.040590
7.032360
7.024870
7.179530
7.179530
7.179530
7.179530
7.152380
7.142360
7.132710
7.123710
7.115460
7.107960
7.262700
7.262700
7.262700
7.262700
7.235470
7.225440
7.215760
7.206750
7.198490
7.190980
7.345790
7.345790
7.345790
7.345790
7.318490
7.308430
7.298740
7.289710
7.281450
7.273920
7.428800
7.428800
7.428800
7.428800
7.401430
7.391350
7.381650
7.372600
7.364330
7.356790
7.511740
7.511740
7.511740
7.511740
7.484290
7.474200
7.464480
7.455420
7.447130
7.439590
7.594610
7.594610
7.594610
7.594610
7.567090
7.556970
7.547230
7.538160
7.529860
7.522310
7.677400
7.677400
7.677400
7.677400
7.649800
7.639670
7.629910
7.620830
7.612520
7.604960
7.760110
7.760110
7.760110
7.760110
7.732450
7.722290
7.712520
7.703430
7.695100
7.687530
7.842760
7.842760
7.842760
7.842760
7.815020
7.804840
7.795060
7.785950
7.777610
7.770030
7.925330
7.925330
7.925330
7.925330
7.897520
7.887320
7.877520
7.868390
7.860050
7.852460
8.007820
8.007820
8.007820
8.007820
7.979940
7.969720
7.959900
7.950770
7.942410
7.934810
8.090250
8.090250
8.090250
8.090250
8.062290
8.052050
8.042220
8.033070
8.024700
8.017090
8.172600
8.172600
8.172600
8.172600
8.144560
8.134310
8.124460
8.115290
8.106910
8.099300
8.254870
8.254870
8.254870
8.254870
8.226770
8.216490
8.206620
8.197450
8.189060
8.181430
8.337080
8.337080
8.337080
8.337080
8.308890
8.298600
8.288710
8.279520
8.271120
8.263490
8.419210
8.419210
8.419210
8.419210
8.390950
8.380640
8.370730
8.361530
8.353120
8.345470
8.501260
8.501260
8.501260
8.501260
8.472930
8.462600
8.452680
8.443460
8.435040
8.427390
8.583240
8.583240
8.583240
8.583240
8.554840
8.544490
8.534550
8.525320
8.516890
8.509230
8.665150
8.665150
8.665150
8.665150
8.636680
8.626300
8.616350
8.607110
8.598660
8.590990
8.746990
8.746990
8.746990
8.746990
8.718440
8.708050
8.698080
8.688820
8.680360
8.672680
8.828760
8.828760
8.828760
8.828760
8.800130
8.789720
8.779730
8.770460
8.761990
8.754300
8.910450
8.910450
8.910450
8.910450
8.881750
8.871310
8.861310
8.852030
8.843550
8.835850
8.992070
8.992070
8.992070
8.992070
8.963290
8.952840
8.942820
8.933520
8.925030
8.917320
9.073610
9.073610
9.073610
9.073610
9.044760
9.034290
9.024250
9.014940
9.006440
8.998730
9.155080
9.155080
9.155080
9.155080
9.126160
9.115670
9.105620
9.096290
9.087780
9.080050
9.236480
9.236480
9.236480
9.236480
9.207480
9.196970
9.186910
9.177570
9.169050
9.161310
9.357480
9.357480
9.357480
9.357480
9.329850
9.319670
9.309860
9.300710
9.292320
9.284690
10.192400
10.192400
10.192400
10.192400
10.192400
10.192400
10.175330
10.170720
10.166030
10.161350
10.941410
10.941410
10.941410
10.941410
10.941410
10.941410
10.941410
10.941410
10.941410
10.934040
11.611430
11.611430
11.611430
11.611430
11.611430
11.611430
11.611430
11.611430
11.611430
11.611430
12.208590
12.208590
12.208590
12.208590
12.208590
12.208590
12.208590
12.208590
12.208590
12.208590
12.736430
12.736430
12.736430
12.736430
12.736430
12.736430
12.736430
12.736430
12.745020
12.746320
13.199300
13.199300
13.199300
13.199300
13.199300
13.199300
13.211260
13.213880
13.216370
13.218670
13.603770
13.603770
13.603770
13.603770
13.603770
13.618290
13.622260
13.626030
13.629500
13.632630
13.954280
13.954280
13.954280
13.954280
13.954280
13.974000
13.979020
13.983650
13.987820
13.991510
14.254960
14.254960
14.254960
14.254960
14.271720
14.277800
14.283590
14.288880
14.293590
14.297710
14.509720
14.509720
14.509720
14.509720
14.528450
14.535080
14.541330
14.546980
14.551970
14.556310
14.465790
14.465790
14.465790
14.465790
14.465790
14.484680
14.489570
14.494120
14.498230
14.501900
14.508520
14.508520
14.508520
14.508520
14.508520
14.523770
14.527950
14.531910
14.535560
14.538860
14.619140
14.619140
14.619140
14.619140
14.619140
14.633100
14.637010
14.640740
14.644210
14.647370
14.683070
14.683070
14.683070
14.683070
14.683070
14.683070
14.698810
14.702130
14.705230
14.708090
14.599070
14.599070
14.599070
14.599070
14.599070
14.599070
14.599070
14.611600
14.613830
14.615950
14.962890
14.962890
14.962890
14.962890
14.962890
14.962890
14.978480
14.981800
14.984920
14.987790
15.264780
15.264780
15.264780
15.264780
15.264780
15.280140
15.284400
15.288450
15.292210
15.295620
15.509830
15.509830
15.509830
15.509830
15.509830
15.527730
15.532510
15.537010
15.541140
15.544850
15.702700
15.702700
15.702700
15.702700
15.702700
15.721770
15.726790
15.731490
15.735790
15.739650
15.848100
15.848100
15.848100
15.848100
15.848100
15.867080
15.872100
15.876820
15.881130
15.885010
15.950100
15.950100
15.950100
15.950100
15.950100
15.967960
15.972790
15.977350
15.981550
15.985360
16.012660
16.012660
16.012660
16.012660
16.012660
16.028670
16.033150
16.037430
16.041420
16.045060
16.039440
16.039440
16.039440
16.039440
16.039440
16.053180
16.057180
16.061080
16.064760
16.068160
16.033830
16.033830
16.033830
16.033830
16.033830
16.033830
16.049140
16.052560
16.055840
16.058910
15.656630
15.656630
15.656630
15.656630
15.656630
15.656630
15.656630
15.656630
15.667450
15.669270
15.528140
15.528140
15.528140
15.528140
15.528140
15.528140
15.528140
15.528140
15.528140
15.536800
15.559060
15.559060
15.559060
15.559060
15.559060
15.559060
15.559060
15.559060
15.559060
15.567180
15.552790
15.552790
15.552790
15.552790
15.552790
15.552790
15.552790
15.552790
15.552790
15.552790
15.513730
15.513730
15.513730
15.513730
15.513730
15.513730
15.513730
15.513730
15.513730
15.513730
15.262980
15.262980
15.262980
15.262980
15.262980
15.262980
15.262980
15.262980
15.262980
15.262980
14.597270
14.597270
14.597270
14.597270
14.597270
14.597270
14.597270
14.597270
14.597270
14.597270
13.994370
13.994370
13.994370
13.994370
13.994370
13.994370
13.994370
13.994370
13.994370
13.994370
13.941330
13.941330
13.941330
13.941330
13.941330
13.941330
13.941330
13.941330
13.941330
13.941330
14.430260
14.430260
14.430260
14.430260
14.430260
14.430260
14.430260
14.430260
14.430260
14.430260
14.807670
14.807670
14.807670
14.807670
14.807670
14.807670
14.807670
14.807670
14.807670
14.807670
15.083660
15.083660
15.083660
15.083660
15.083660
15.083660
15.083660
15.083660
15.083660
15.083660
15.267840
15.267840
15.267840
15.267840
15.267840
15.267840
15.267840
15.267840
15.267840
15.267840
15.369100
15.369100
15.369100
15.369100
15.369100
15.369100
15.369100
15.369100
15.369100
15.369100
15.396010
15.396010
15.396010
15.396010
15.396010
15.396010
15.396010
15.396010
15.396010
15.396010
15.356300
15.356300
15.356300
15.356300
15.356300
15.356300
15.356300
15.356300
15.356300
15.356300
15.257220
15.257220
15.257220
15.257220
15.257220
15.257220
15.257220
15.257220
15.257220
15.257220
15.105630
15.105630
15.105630
15.105630
15.105630
15.105630
15.105630
15.105630
15.105630
15.105630
14.908090
14.908090
14.908090
14.908090
14.908090
14.908090
14.908090
14.908090
14.908090
14.908090
14.639010
14.639010
14.639010
14.639010
14.639010
14.639010
14.639010
14.639010
14.639010
14.639010
14.360630
14.360630
14.360630
14.360630
14.360630
14.360630
14.360630
14.360630
14.360630
14.360630
14.053740
14.053740
14.053740
14.053740
14.053740
14.053740
14.053740
14.053740
14.053740
14.053740
13.723260
13.723260
13.723260
13.723260
13.723260
13.723260
13.723260
13.723260
13.723260
13.723260
13.373160
13.373160
13.373160
13.373160
13.373160
13.373160
13.373160
13.373160
13.373160
13.373160
13.007540
13.007540
13.007540
13.007540
13.007540
13.007540
13.007540
13.007540
13.007540
13.007540
12.631070
12.631070
12.631070
12.631070
12.631070
12.631070
12.631070
12.631070
12.631070
12.631070
12.246130
12.246130
12.246130
12.246130
12.246130
12.246130
12.246130
12.246130
12.246130
12.246130
11.856450
11.856450
11.856450
11.856450
11.856450
11.856450
11.856450
11.856450
11.856450
11.856450
11.465010
11.465010
11.465010
11.465010
11.465010
11.465010
11.465010
11.465010
11.465010
11.465010
11.075060
11.075060
11.075060
11.075060
11.075060
11.075060
11.075060
11.075060
11.075060
11.075060
10.688960
10.688960
10.688960
10.688960
10.688960
10.688960
10.688960
10.688960
10.688960
10.688960
10.308990
10.308990
10.308990
10.308990
10.308990
10.308990
10.308990
10.308990
10.308990
10.308990
9.937350
9.937350
9.937350
9.937350
9.937350
9.937350
9.937350
9.937350
9.937350
9.937350
9.575440
9.575440
9.575440
9.575440
9.575440
9.575440
9.575440
9.575440
9.575440
9.575440
9.225500
9.225500
9.225500
9.225500
9.225500
9.225500
9.225500
9.225500
9.225500
9.225500
8.889010
8.889010
8.889010
8.889010
8.889010
8.889010
8.889010
8.889010
8.889010
8.889010
8.566990
8.566990
8.566990
8.566990
8.566990
8.566990
8.566990
8.566990
8.566990
8.566990
8.260050
8.260050
8.260050
8.260050
8.260050
8.260050
8.260050
8.260050
8.260050
8.260050
7.969030
7.969030
7.969030
7.969030
7.969030
7.969030
7.969030
7.969030
7.969030
7.969030
7.694700
7.694700
7.694700
7.694700
7.694700
7.694700
7.694700
7.694700
7.694700
7.694700
7.437200
7.437200
7.437200
7.437200
7.437200
7.437200
7.437200
7.437200
7.437200
7.437200
7.196690
7.196690
7.196690
7.196690
7.196690
7.196690
7.196690
7.196690
7.196690
7.196690
6.973100
6.973100
6.973100
6.973100
6.973100
6.973100
6.973100
6.973100
6.973100
6.973100
6.766320
6.766320
6.766320
6.766320
6.766320
6.766320
6.766320
6.766320
6.766320
6.766320
6.575980
6.575980
6.575980
6.575980
6.575980
6.575980
6.575980
6.575980
6.575980
6.575980
6.401690
6.401690
6.401690
6.401690
6.401690
6.401690
6.401690
6.401690
6.401690
6.401690
6.242990
6.242990
6.242990
6.242990
6.242990
6.242990
6.242990
6.242990
6.242990
6.242990
6.099210
6.099210
6.099210
6.099210
6.099210
6.099210
6.099210
6.099210
6.099210
6.099210
5.969670
5.969670
5.969670
5.969670
5.969670
5.969670
5.969670
5.969670
5.969670
5.969670
5.853770
5.853770
5.853770
5.853770
5.853770
5.853770
5.853770
5.853770
5.853770
5.853770
5.750640
5.750640
5.750640
5.750640
5.750640
5.750640
5.750640
5.750640
5.750640
5.750640
5.659560
5.659560
5.659560
5.659560
5.659560
5.659560
5.659560
5.659560
5.659560
5.659560
5.579680
5.579680
5.579680
5.579680
5.579680
5.579680
5.579680
5.579680
5.579680
5.579680
5.510350
5.510350
5.510350
5.510350
5.510350
5.510350
5.510350
5.510350
5.510350
5.510350
5.450650
5.450650
5.450650
5.450650
5.450650
5.450650
5.450650
5.450650
5.450650
5.450650
5.399800
5.399800
5.399800
5.399800
5.399800
5.399800
5.399800
5.399800
5.399800
5.399800
5.357070
5.357070
5.357070
5.357070
5.357070
5.357070
5.357070
5.357070
5.357070
5.357070
5.321810
5.321810
5.321810
5.321810
5.321810
5.321810
5.321810
5.321810
5.321810
5.321810
5.293220
5.293220
5.293220
5.293220
5.293220
5.293220
5.293220
5.293220
5.293220
5.293220
5.270660
5.270660
5.270660
5.270660
5.270660
5.270660
5.270660
5.270660
5.270660
5.270660
5.253460
5.253460
5.253460
5.253460
5.253460
5.253460
5.253460
5.253460
5.253460
5.253460
5.241060
5.241060
5.241060
5.241060
5.241060
5.241060
5.241060
5.241060
5.241060
5.241060
5.232860
5.232860
5.232860
5.232860
5.232860
5.232860
5.232860
5.232860
5.232860
5.232860
5.228330
5.228330
5.228330
5.228330
5.228330
5.228330
5.228330
5.228330
5.228330
5.228330
5.226990
5.226990
5.226990
5.226990
5.226990
5.226990
5.226990
5.226990
5.226990
5.226990
5.228350
5.228350
5.228350
5.228350
5.228350
5.228350
5.228350
5.228350
5.228350
5.228350
5.231990
5.231990
5.231990
5.231990
5.231990
5.231990
5.231990
5.231990
5.231990
5.231990
5.237540
5.237540
5.237540
5.237540
5.237540
5.237540
5.237540
5.237540
5.237540
5.237540
5.244610
5.244610
5.244610
5.244610
5.244610
5.244610
5.244610
5.244610
5.244610
5.244610
5.252890
5.252890
5.252890
5.252890
5.252890
5.252890
5.252890
5.252890
5.252890
5.252890
5.262030
5.262030
5.262030
5.262030
5.262030
5.262030
5.262030
5.262030
5.262030
5.262030
5.271830
5.271830
5.271830
5.271830
5.271830
5.271830
5.271830
5.271830
5.271830
5.271830
5.282010
5.282010
5.282010
5.282010
5.282010
5.282010
5.282010
5.282010
5.282010
5.282010
5.292330
5.292330
5.292330
5.292330
5.292330
5.292330
5.292330
5.292330
5.292330
5.292330
5.302570
5.302570
5.302570
5.302570
5.302570
5.302570
5.302570
5.302570
5.302570
5.302570
5.312290
5.312290
5.312290
5.312290
5.312290
5.312290
5.312290
5.312290
5.312290
5.312290
5.322020
5.322020
5.322020
5.322020
5.322020
5.322020
5.322020
5.322020
5.322020
5.322020
5.331020
5.331020
5.331020
5.331020
5.331020
5.331020
5.331020
5.331020
5.331020
5.331020
5.339190
5.339190
5.339190
5.339190
5.339190
5.339190
5.339190
5.339190
5.339190
5.339190
5.346750
5.346750
5.346750
5.346750
5.346750
5.346750
5.346750
5.346750
5.346750
5.346750
5.353440
5.353440
5.353440
5.353440
5.353440
5.353440
5.353440
5.353440
5.353440
5.353440
5.359160
5.359160
5.359160
5.359160
5.359160
5.359160
5.359160
5.359160
5.359160
5.359160
5.363950
5.363950
5.363950
5.363950
5.363950
5.363950
5.363950
5.363950
5.363950
5.363950
5.367470
5.367470
5.367470
5.367470
5.367470
5.367470
5.367470
5.367470
5.367470
5.367470
5.370020
5.370020
5.370020
5.370020
5.370020
5.370020
5.370020
5.370020
5.370020
5.370020
5.371250
5.371250
5.371250
5.371250
5.371250
5.371250
5.371250
5.371250
5.371250
5.371250
5.371420
5.371420
5.371420
5.371420
5.371420
5.371420
5.371420
5.371420
5.371420
5.371420
5.370510
5.370510
5.370510
5.370510
5.370510
5.370510
5.370510
5.370510
5.370510
5.370510
5.368060
5.368060
5.368060
5.368060
5.368060
5.368060
5.368060
5.368060
5.368060
5.368060
5.364760
5.364760
5.364760
5.364760
5.364760
5.364760
5.364760
5.364760
5.364760
5.364760
5.360270
5.360270
5.360270
5.360270
5.360270
5.360270
5.360270
5.360270
5.360270
5.360270
5.400970
5.400970
5.400970
5.400970
5.400970
5.400970
5.400970
5.400970
5.400970
5.400970
5.446470
5.446470
5.446470
5.446470
5.446470
5.446470
5.446470
5.446470
5.446470
5.446470
5.482430
5.482430
5.482430
5.482430
5.482430
5.482430
5.482430
5.482430
5.482430
5.482430
5.509920
5.509920
5.509920
5.509920
5.509920
5.509920
5.509920
5.509920
5.509920
5.509920
5.529240
5.529240
5.529240
5.529240
5.529240
5.529240
5.529240
5.529240
5.529240
5.529240
5.541180
5.541180
5.541180
5.541180
5.541180
5.541180
5.541180
5.541180
5.541180
5.541180
5.546380
5.546380
5.546380
5.546380
5.546380
5.546380
5.546380
5.546380
5.546380
5.546380
5.545480
5.545480
5.545480
5.545480
5.545480
5.545480
5.545480
5.545480
5.545480
5.545480
5.717770
5.717770
5.717770
5.717770
5.717770
5.717770
5.717770
5.717770
5.717770
5.717770
5.875150
5.875150
5.875150
5.875150
5.875150
5.875150
5.875150
5.875150
5.875150
5.875150
5.999960
5.999960
5.999960
5.999960
5.999960
5.999960
5.999960
5.999960
5.999960
5.999960
6.094810
6.094810
6.094810
6.094810
6.094810
6.094810
6.094810
6.094810
6.094810
6.094810
6.162240
6.162240
6.162240
6.162240
6.162240
6.162240
6.162240
6.162240
6.162240
6.162240
6.204530
6.204530
6.204530
6.204530
6.204530
6.204530
6.204530
6.204530
6.204530
6.204530
6.224050
6.224050
6.224050
6.224050
6.224050
6.224050
6.224050
6.224050
6.224050
6.224050
6.223050
6.223050
6.223050
6.223050
6.223050
6.223050
6.223050
6.223050
6.223050
6.223050
6.203460
6.203460
6.203460
6.203460
6.203460
6.203460
6.203460
6.203460
6.203460
6.203460
6.167540
6.167540
6.167540
6.167540
6.167540
6.167540
6.167540
6.167540
6.167540
6.167540
6.116930
6.116930
6.116930
6.116930
6.116930
6.116930
6.116930
6.116930
6.116930
6.116930
6.053550
6.053550
6.053550
6.053550
6.053550
6.053550
6.053550
6.053550
6.053550
6.053550
5.978920
5.978920
5.978920
5.978920
5.978920
5.978920
5.978920
5.978920
5.978920
5.978920
5.889620
5.889620
5.889620
5.889620
5.889620
5.889620
5.889620
5.889620
5.889620
5.889620
5.775450
5.775450
5.775450
5.775450
5.775450
5.775450
5.775450
5.775450
5.775450
5.775450
5.658010
5.658010
5.658010
5.658010
5.658010
5.658010
5.658010
5.658010
5.658010
5.658010
5.666840
5.666840
5.666840
5.666840
5.666840
5.666840
5.666840
5.666840
5.666840
5.666840
5.831200
5.831200
5.831200
5.831200
5.831200
5.831200
5.831200
5.831200
5.831200
5.831200
5.958350
5.958350
5.958350
5.958350
5.958350
5.958350
5.958350
5.958350
5.958350
5.958350
6.051140
6.051140
6.051140
6.051140
6.051140
6.051140
6.051140
6.051140
6.051140
6.051140
6.112210
6.112210
6.112210
6.112210
6.112210
6.112210
6.112210
6.112210
6.112210
6.112210
6.144230
6.144230
6.144230
6.144230
6.144230
6.144230
6.144230
6.144230
6.144230
6.144230
6.149670
6.149670
6.149670
6.149670
6.149670
6.149670
6.149670
6.149670
6.149670
6.149670
6.068140
6.068140
6.068140
6.068140
6.068140
6.068140
6.068140
6.068140
6.068140
6.068140
5.928020
5.928020
5.928020
5.928020
5.928020
5.928020
5.928020
5.928020
5.928020
5.928020
5.781580
5.781580
5.781580
5.781580
5.781580
5.781580
5.781580
5.781580
5.781580
5.781580
5.696620
5.696620
5.696620
5.696620
5.696620
5.696620
5.696620
5.696620
5.696620
5.696620
5.647330
5.647330
5.647330
5.647330
5.647330
5.647330
5.647330
5.647330
5.647330
5.647330
5.890670
5.890670
5.890670
5.890670
5.890670
5.890670
5.890670
5.890670
5.890670
5.890670
6.224410
6.224410
6.224410
6.224410
6.224410
6.224410
6.224410
6.224410
6.224410
6.224410
6.491990
6.491990
6.491990
6.491990
6.491990
6.491990
6.491990
6.491990
6.491990
6.491990
6.534070
6.534070
6.534070
6.534070
6.534070
6.534070
6.534070
6.534070
6.534070
6.534070
6.434800
6.434800
6.434800
6.434800
6.434800
6.434800
6.434800
6.434800
6.434800
6.434800
6.317170
6.317170
6.317170
6.317170
6.317170
6.317170
6.317170
6.317170
6.317170
6.317170
6.183000
6.183000
6.183000
6.183000
6.183000
6.183000
6.183000
6.183000
6.183000
6.183000
6.149780
6.149780
6.149780
6.149780
6.149780
6.149780
6.149780
6.149780
6.149780
6.149780
6.318060
6.318060
6.318060
6.318060
6.318060
6.318060
6.318060
6.318060
6.318060
6.318060
6.435130
6.435130
6.435130
6.435130
6.435130
6.435130
6.435130
6.435130
6.435130
6.435130
6.504390
6.504390
6.504390
6.504390
6.504390
6.504390
6.504390
6.504390
6.504390
6.504390
6.529230
6.529230
6.529230
6.529230
6.529230
6.529230
6.529230
6.529230
6.529230
6.529230
6.512890
6.512890
6.512890
6.512890
6.512890
6.512890
6.512890
6.512890
6.512890
6.512890
6.458490
6.458490
6.458490
6.458490
6.458490
6.458490
6.458490
6.458490
6.458490
6.458490
6.369070
6.369070
6.369070
6.369070
6.369070
6.369070
6.369070
6.369070
6.369070
6.369070
6.247560
6.247560
6.247560
6.247560
6.247560
6.247560
6.247560
6.247560
6.247560
6.247560
6.096820
6.096820
6.096820
6.096820
6.096820
6.096820
6.096820
6.096820
6.096820
6.096820
5.919490
5.919490
5.919490
5.919490
5.919490
5.919490
5.919490
5.919490
5.919490
5.919490
5.718250
5.718250
5.718250
5.718250
5.718250
5.718250
5.718250
5.718250
5.718250
5.718250
5.495590
5.495590
5.495590
5.495590
5.495590
5.495590
5.495590
5.495590
5.495590
5.495590
5.254000
5.254000
5.254000
5.254000
5.254000
5.254000
5.254000
5.254000
5.254000
5.254000
4.995750
4.995750
4.995750
4.995750
4.995750
4.995750
4.995750
4.995750
4.995750
4.995750
4.723120
4.723120
4.723120
4.723120
4.723120
4.723120
4.723120
4.723120
4.723120
4.723120
4.438250
4.438250
4.438250
4.438250
4.438250
4.438250
4.438250
4.438250
4.438250
4.438250
4.143250
4.143250
4.143250
4.143250
4.143250
4.143250
4.143250
4.143250
4.143250
4.143250
3.839890
3.839890
3.839890
3.839890
3.839890
3.839890
3.839890
3.839890
3.839890
3.839890
3.530200
3.530200
3.530200
3.530200
3.530200
3.530200
3.530200
3.530200
3.530200
3.530200
3.215840
3.215840
3.215840
3.215840
3.215840
3.215840
3.215840
3.215840
3.215840
3.215840
2.898550
2.898550
2.898550
2.898550
2.898550
2.898550
2.898550
2.898550
2.898550
2.898550
2.579820
2.579820
2.579820
2.579820
2.579820
2.579820
2.579820
2.579820
2.579820
2.579820
2.261150
2.261150
2.261150
2.261150
2.261150
2.261150
2.261150
2.261150
2.261150
2.261150
1.943910
1.943910
1.943910
1.943910
1.943910
1.943910
1.943910
1.943910
1.943910
1.943910
1.629330
1.629330
1.629330
1.629330
1.629330
1.629330
1.629330
1.629330
1.629330
1.629330
1.318610
1.318610
1.318610
1.318610
1.318610
1.318610
1.318610
1.318610
1.318610
1.318610
1.012760
1.012760
1.012760
1.012760
1.012760
1.012760
1.012760
1.012760
1.012760
1.012760
0.712750
0.712750
0.712750
0.712750
0.712750
0.712750
0.712750
0.712750
0.712750
0.712750
0.419490
0.419490
0.419490
0.419490
0.419490
0.419490
0.419490
0.419490
0.419490
0.419490
0.133730
0.133730
0.133730
0.133730
0.133730
0.133730
0.133730
0.133730
0.133730
0.133730
-0.143850
-0.143850
-0.143850
-0.143850
-0.143850
-0.143850
-0.143850
-0.143850
-0.143850
-0.143850
-0.412680
-0.412680
-0.412680
-0.412680
-0.412680
-0.412680
-0.412680
-0.412680
-0.412680
-0.419350
-0.672150
-0.672150
-0.672150
-0.672150
-0.672150
-0.672150
-0.672150
-0.672150
-0.672150
-0.680160
-0.921910
-0.921910
-0.921910
-0.921910
-0.921910
-0.921910
-0.921910
-0.921910
-0.929730
-0.931010
-1.161530
-1.161530
-1.161530
-1.161530
-1.161530
-1.161530
-1.161530
-1.161530
-1.170430
-1.171840
-1.390800
-1.390800
-1.390800
-1.390800
-1.390800
-1.390800
-1.390800
-1.390800
-1.400680
-1.402210
-1.609510
-1.609510
-1.609510
-1.609510
-1.609510
-1.609510
-1.609510
-1.609510
-1.620230
-1.621870
-1.817520
-1.817520
-1.817520
-1.817520
-1.817520
-1.817520
-1.817520
-1.826830
-1.828610
-1.830330
-2.014640
-2.014640
-2.014640
-2.014640
-2.014640
-2.014640
-2.014640
-2.024380
-2.026230
-2.028000
-2.200930
-2.200930
-2.200930
-2.200930
-2.200930
-2.200930
-2.200930
-2.210930
-2.212820
-2.214630
-2.376380
-2.376380
-2.376380
-2.376380
-2.376380
-2.376380
-2.376380
-2.386490
-2.388390
-2.390210
-2.541060
-2.541060
-2.541060
-2.541060
-2.541060
-2.541060
-2.541060
-2.551100
-2.553000
-2.554820
-2.695040
-2.695040
-2.695040
-2.695040
-2.695040
-2.695040
-2.695040
-2.704870
-2.706730
-2.708520
-2.838430
-2.838430
-2.838430
-2.838430
-2.838430
-2.838430
-2.838430
-2.847910
-2.849720
-2.851470
-2.971400
-2.971400
-2.971400
-2.971400
-2.971400
-2.971400
-2.971400
-2.980390
-2.982130
-2.983820
-3.094070
-3.094070
-3.094070
-3.094070
-3.094070
-3.094070
-3.094070
-3.094070
-3.104410
-3.106010
-3.206730
-3.206730
-3.206730
-3.206730
-3.206730
-3.206730
-3.206730
-3.206730
-3.216270
-3.217780
-3.309460
-3.309460
-3.309460
-3.309460
-3.309460
-3.309460
-3.309460
-3.309460
-3.318150
-3.319550
-3.402500
-3.402500
-3.402500
-3.402500
-3.402500
-3.402500
-3.402500
-3.402500
-3.410280
-3.411570
-3.486020
-3.486020
-3.486020
-3.486020
-3.486020
-3.486020
-3.486020
-3.486020
-3.486020
-3.494250
-3.560360
-3.560360
-3.560360
-3.560360
-3.560360
-3.560360
-3.560360
-3.560360
-3.560360
-3.567520
-3.625640
-3.625640
-3.625640
-3.625640
-3.625640
-3.625640
-3.625640
-3.625640
-3.625640
-3.625640
-3.682170
-3.682170
-3.682170
-3.682170
-3.682170
-3.682170
-3.682170
-3.682170
-3.682170
-3.682170
-3.730080
-3.730080
-3.730080
-3.730080
-3.730080
-3.730080
-3.730080
-3.730080
-3.730080
-3.730080
-3.769630
-3.769630
-3.769630
-3.769630
-3.769630
-3.769630
-3.769630
-3.769630
-3.769630
-3.769630
-3.801000
-3.801000
-3.801000
-3.801000
-3.801000
-3.801000
-3.801000
-3.801000
-3.801000
-3.801000
-3.824490
-3.824490
-3.824490
-3.824490
-3.824490
-3.824490
-3.824490
-3.824490
-3.824490
-3.824490
-3.840300
-3.840300
-3.840300
-3.840300
-3.840300
-3.840300
-3.840300
-3.840300
-3.840300
-3.840300
-3.848640
-3.848640
-3.848640
-3.848640
-3.848640
-3.848640
-3.848640
-3.848640
-3.848640
-3.848640
-3.849750
-3.849750
-3.849750
-3.849750
-3.849750
-3.849750
-3.849750
-3.849750
-3.849750
-3.849750
-3.843870
-3.843870
-3.843870
-3.843870
-3.843870
-3.843870
-3.843870
-3.843870
-3.843870
-3.843870
-3.831280
-3.831280
-3.831280
-3.831280
-3.831280
-3.831280
-3.831280
-3.831280
-3.831280
-3.831280
-3.812110
-3.812110
-3.812110
-3.812110
-3.812110
-3.812110
-3.812110
-3.812110
-3.812110
-3.812110
-3.786590
-3.786590
-3.786590
-3.786590
-3.786590
-3.786590
-3.786590
-3.786590
-3.786590
-3.786590
-3.755060
-3.755060
-3.755060
-3.755060
-3.755060
-3.755060
-3.755060
-3.755060
-3.755060
-3.755060
-3.717640
-3.717640
-3.717640
-3.717640
-3.717640
-3.717640
-3.717640
-3.717640
-3.717640
-3.717640
-3.674610
-3.674610
-3.674610
-3.674610
-3.674610
-3.674610
-3.674610
-3.674610
-3.674610
-3.674610
-3.626160
-3.626160
-3.626160
-3.626160
-3.626160
-3.626160
-3.626160
-3.626160
-3.626160
-3.626160
-3.572570
-3.572570
-3.572570
-3.572570
-3.572570
-3.572570
-3.572570
-3.572570
-3.572570
-3.572570
-3.514080
-3.514080
-3.514080
-3.514080
-3.514080
-3.514080
-3.514080
-3.514080
-3.514080
-3.514080
-3.450920
-3.450920
-3.450920
-3.450920
-3.450920
-3.450920
-3.450920
-3.450920
-3.450920
-3.450920
-3.383330
-3.383330
-3.383330
-3.383330
-3.383330
-3.383330
-3.383330
-3.383330
-3.383330
-3.383330
-3.311570
-3.311570
-3.311570
-3.311570
-3.311570
-3.311570
-3.311570
-3.311570
-3.311570
-3.311570
-3.235880
-3.235880
-3.235880
-3.235880
-3.235880
-3.235880
-3.235880
-3.235880
-3.235880
-3.235880
-3.156520
-3.156520
-3.156520
-3.156520
-3.156520
-3.156520
-3.156520
-3.156520
-3.156520
-3.156520
-3.073800
-3.073800
-3.073800
-3.073800
-3.073800
-3.073800
-3.073800
-3.073800
-3.073800
-3.073800
-2.987930
-2.987930
-2.987930
-2.987930
-2.987930
-2.987930
-2.987930
-2.987930
-2.987930
-2.987930
-2.899190
-2.899190
-2.899190
-2.899190
-2.899190
-2.899190
-2.899190
-2.899190
-2.899190
-2.899190
-2.807870
-2.807870
-2.807870
-2.807870
-2.807870
-2.807870
-2.807870
-2.807870
-2.807870
-2.807870
-2.714230
-2.714230
-2.714230
-2.714230
-2.714230
-2.714230
-2.714230
-2.714230
-2.714230
-2.714230
-2.618520
-2.618520
-2.618520
-2.618520
-2.618520
-2.618520
-2.618520
-2.618520
-2.618520
-2.618520
-2.521060
-2.521060
-2.521060
-2.521060
-2.521060
-2.521060
-2.521060
-2.521060
-2.521060
-2.521060
-2.422100
-2.422100
-2.422100
-2.422100
-2.422100
-2.422100
-2.422100
-2.422100
-2.422100
-2.422100
-2.321920
-2.321920
-2.321920
-2.321920
-2.321920
-2.321920
-2.321920
-2.321920
-2.321920
-2.321920
-2.220790
-2.220790
-2.220790
-2.220790
-2.220790
-2.220790
-2.220790
-2.220790
-2.220790
-2.220790
-2.118970
-2.118970
-2.118970
-2.118970
-2.118970
-2.118970
-2.118970
-2.118970
-2.118970
-2.118970
-2.016740
-2.016740
-2.016740
-2.016740
-2.016740
-2.016740
-2.016740
-2.016740
-2.016740
-2.016740
-1.914340
-1.914340
-1.914340
-1.914340
-1.914340
-1.914340
-1.914340
-1.914340
-1.914340
-1.914340
-1.812040
-1.812040
-1.812040
-1.812040
-1.812040
-1.812040
-1.812040
-1.812040
-1.812040
-1.812040
-1.710090
-1.710090
-1.710090
-1.710090
-1.710090
-1.710090
-1.710090
-1.710090
-1.710090
-1.710090
-1.608690
-1.608690
-1.608690
-1.608690
-1.608690
-1.608690
-1.608690
-1.608690
-1.608690
-1.608690
-1.508100
-1.508100
-1.508100
-1.508100
-1.508100
-1.508100
-1.508100
-1.508100
-1.508100
-1.508100
-1.408510
-1.408510
-1.408510
-1.408510
-1.408510
-1.408510
-1.408510
-1.408510
-1.408510
-1.408510
-1.310170
-1.310170
-1.310170
-1.310170
-1.310170
-1.310170
-1.310170
-1.310170
-1.310170
-1.310170
-1.213260
-1.213260
-1.213260
-1.213260
-1.213260
-1.213260
-1.213260
-1.213260
-1.213260
-1.213260
-1.118030
-1.118030
-1.118030
-1.118030
-1.118030
-1.118030
-1.118030
-1.118030
-1.118030
-1.118030
-1.024540
-1.024540
-1.024540
-1.024540
-1.024540
-1.024540
-1.024540
-1.024540
-1.024540
-1.024540
-0.933000
-0.933000
-0.933000
-0.933000
-0.933000
-0.933000
-0.933000
-0.933000
-0.933000
-0.933000
-0.843570
-0.843570
-0.843570
-0.843570
-0.843570
-0.843570
-0.843570
-0.843570
-0.843570
-0.843570
-0.756390
-0.756390
-0.756390
-0.756390
-0.756390
-0.756390
-0.756390
-0.756390
-0.756390
-0.756390
-0.671570
-0.671570
-0.671570
-0.671570
-0.671570
-0.671570
-0.671570
-0.671570
-0.671570
-0.671570
-0.589220
-0.589220
-0.589220
-0.589220
-0.589220
-0.589220
-0.589220
-0.589220
-0.589220
-0.589220
-0.509460
-0.509460
-0.509460
-0.509460
-0.509460
-0.509460
-0.509460
-0.509460
-0.509460
-0.509460
-0.432370
-0.432370
-0.432370
-0.432370
-0.432370
-0.432370
-0.432370
-0.432370
-0.432370
-0.432370
-0.358030
-0.358030
-0.358030
-0.358030
-0.358030
-0.358030
-0.358030
-0.358030
-0.358030
-0.358030
-0.286490
-0.286490
-0.286490
-0.286490
-0.286490
-0.286490
-0.286490
-0.286490
-0.286490
-0.286490
-0.217770
-0.217770
-0.217770
-0.217770
-0.217770
-0.217770
-0.217770
-0.217770
-0.217770
-0.217770
-0.151970
-0.151970
-0.151970
-0.151970
-0.151970
-0.151970
-0.151970
-0.151970
-0.151970
-0.151970
-0.089100
-0.089100
-0.089100
-0.089100
-0.089100
-0.089100
-0.089100
-0.089100
-0.089100
-0.089100
-0.029120
-0.029120
-0.029120
-0.029120
-0.029120
-0.029120
-0.029120
-0.029120
-0.029120
-0.029120
0.027920
0.027920
0.027920
0.027920
0.027920
0.027920
0.027920
0.027920
0.027920
0.027920
0.081970
0.081970
0.081970
0.081970
0.081970
0.081970
0.081970
0.081970
0.081970
0.081970
0.133080
0.133080
0.133080
0.133080
0.133080
0.133080
0.133080
0.133080
0.133080
0.133080
0.181340
0.181340
0.181340
0.181340
0.181340
0.181340
0.181340
0.181340
0.181340
0.181340
0.226710
0.226710
0.226710
0.226710
0.226710
0.226710
0.226710
0.226710
0.226710
0.226710
0.269180
0.269180
0.269180
0.269180
0.269180
0.269180
0.269180
0.269180
0.269180
0.269180
0.308880
0.308880
0.308880
0.308880
0.308880
0.308880
0.308880
0.308880
0.308880
0.308880
0.345810
0.345810
0.345810
0.345810
0.345810
0.345810
0.345810
0.345810
0.345810
0.345810
0.379990
0.379990
0.379990
0.379990
0.379990
0.379990
0.379990
0.379990
0.379990
0.379990
0.411550
0.411550
0.411550
0.411550
0.411550
0.411550
0.411550
0.411550
0.411550
0.411550
0.440490
0.440490
0.440490
0.440490
0.440490
0.440490
0.440490
0.440490
0.440490
0.440490
0.466920
0.466920
0.466920
0.466920
0.466920
0.466920
0.466920
0.466920
0.466920
0.466920
0.490880
0.490880
0.490880
0.490880
0.490880
0.490880
0.490880
0.490880
0.490880
0.490880
0.512410
0.512410
0.512410
0.512410
0.512410
0.512410
0.512410
0.512410
0.512410
0.512410
0.531660
0.531660
0.531660
0.531660
0.531660
0.531660
0.531660
0.531660
0.531660
0.531660
0.548650
0.548650
0.548650
0.548650
0.548650
0.548650
0.548650
0.548650
0.548650
0.548650
0.563500
0.563500
0.563500
0.563500
0.563500
0.563500
0.563500
0.563500
0.563500
0.563500
0.576210
0.576210
0.576210
0.576210
0.576210
0.576210
0.576210
0.576210
0.576210
0.576210
0.586920
0.586920
0.586920
0.586920
0.586920
0.586920
0.586920
0.586920
0.586920
0.586920
0.595720
0.595720
0.595720
0.595720
0.595720
0.595720
0.595720
0.595720
0.595720
0.595720
0.602670
0.602670
0.602670
0.602670
0.602670
0.602670
0.602670
0.602670
0.602670
0.602670
0.607850
0.607850
0.607850
0.607850
0.607850
0.607850
0.607850
0.607850
0.607850
0.607850
0.611340
0.611340
0.611340
0.611340
0.611340
0.611340
0.611340
0.611340
0.611340
0.611340
0.613220
0.613220
0.613220
0.613220
0.613220
0.613220
0.613220
0.613220
0.613220
0.613220
0.613570
0.613570
0.613570
0.613570
0.613570
0.613570
0.613570
0.613570
0.613570
0.613570
0.612480
0.612480
0.612480
0.612480
0.612480
0.612480
0.612480
0.612480
0.612480
0.612480
0.610020
0.610020
0.610020
0.610020
0.610020
0.610020
0.610020
0.610020
0.610020
0.610020
0.606240
0.606240
0.606240
0.606240
0.606240
0.606240
0.606240
0.606240
0.606240
0.606240
0.601250
0.601250
0.601250
0.601250
0.601250
0.601250
0.601250
0.601250
0.601250
0.601250
0.595130
0.595130
0.595130
0.595130
0.595130
0.595130
0.595130
0.595130
0.595130
0.595130
0.587950
0.587950
0.587950
0.587950
0.587950
0.587950
0.587950
0.587950
0.587950
0.587950
0.579790
0.579790
0.579790
0.579790
0.579790
0.579790
0.579790
0.579790
0.579790
0.579790
0.570640
0.570640
0.570640
0.570640
0.570640
0.570640
0.570640
0.570640
0.570640
0.570640
0.560660
0.560660
0.560660
0.560660
0.560660
0.560660
0.560660
0.560660
0.560660
0.560660
0.549890
0.549890
0.549890
0.549890
0.549890
0.549890
0.549890
0.549890
0.549890
0.549890
0.538430
0.538430
0.538430
0.538430
0.538430
0.538430
0.538430
0.538430
0.538430
0.538430
0.526260
0.526260
0.526260
0.526260
0.526260
0.526260
0.526260
0.526260
0.526260
0.526260
0.513500
0.513500
0.513500
0.513500
0.513500
0.513500
0.513500
0.513500
0.513500
0.513500
0.500220
0.500220
0.500220
0.500220
0.500220
0.500220
0.500220
0.500220
0.500220
0.500220
0.486460
0.486460
0.486460
0.486460
0.486460
0.486460
0.486460
0.486460
0.486460
0.486460
0.472250
0.472250
0.472250
0.472250
0.472250
0.472250
0.472250
0.472250
0.472250
0.472250
0.457670
0.457670
0.457670
0.457670
0.457670
0.457670
0.457670
0.457670
0.457670
0.457670
0.442780
0.442780
0.442780
0.442780
0.442780
0.442780
0.442780
0.442780
0.442780
0.442780
0.427610
0.427610
0.427610
0.427610
0.427610
0.427610
0.427610
0.427610
0.427610
0.427610
0.412250
0.412250
0.412250
0.412250
0.412250
0.412250
0.412250
0.412250
0.412250
0.412250
0.396700
0.396700
0.396700
0.396700
0.396700
0.396700
0.396700
0.396700
0.396700
0.396700
0.381010
0.381010
0.381010
0.381010
0.381010
0.381010
0.381010
0.381010
0.381010
0.381010
0.365240
0.365240
0.365240
0.365240
0.365240
0.365240
0.365240
0.365240
0.365240
0.365240
0.349430
0.349430
0.349430
0.349430
0.349430
0.349430
0.349430
0.349430
0.349430
0.349430
0.333600
0.333600
0.333600
0.333600
0.333600
0.333600
0.333600
0.333600
0.333600
0.333600
0.317790
0.317790
0.317790
0.317790
0.317790
0.317790
0.317790
0.317790
0.317790
0.317790
0.302040
0.302040
0.302040
0.302040
0.302040
0.302040
0.302040
0.302040
0.302040
0.302040
0.286420
0.286420
0.286420
0.286420
0.286420
0.286420
0.286420
0.286420
0.286420
0.286420
0.270900
0.270900
0.270900
0.270900
0.270900
0.270900
0.270900
0.270900
0.270900
0.270900
0.255540
0.255540
0.255540
0.255540
0.255540
0.255540
0.255540
0.255540
0.255540
0.255540
0.240360
0.240360
0.240360
0.240360
0.240360
0.240360
0.240360
0.240360
0.240360
0.240360
0.225390
0.225390
0.225390
0.225390
0.225390
0.225390
0.225390
0.225390
0.225390
0.225390
0.210650
0.210650
0.210650
0.210650
0.210650
0.210650
0.210650
0.210650
0.210650
0.210650
0.196160
0.196160
0.196160
0.196160
0.196160
0.196160
0.196160
0.196160
0.196160
0.196160
0.181950
0.181950
0.181950
0.181950
0.181950
0.181950
0.181950
0.181950
0.181950
0.181950
0.167980
0.167980
0.167980
0.167980
0.167980
0.167980
0.167980
0.167980
0.167980
0.167980
0.154410
0.154410
0.154410
0.154410
0.154410
0.154410
0.154410
0.154410
0.154410
0.154410
0.141130
0.141130
0.141130
0.141130
0.141130
0.141130
0.141130
0.141130
0.141130
0.141130
0.128170
0.128170
0.128170
0.128170
0.128170
0.128170
0.128170
0.128170
0.128170
0.128170
0.115560
0.115560
0.115560
0.115560
0.115560
0.115560
0.115560
0.115560
0.115560
0.115560
0.103320
0.103320
0.103320
0.103320
0.103320
0.103320
0.103320
0.103320
0.103320
0.103320
0.091460
0.091460
0.091460
0.091460
0.091460
0.091460
0.091460
0.091460
0.091460
0.091460
0.079970
0.079970
0.079970
0.079970
0.079970
0.079970
0.079970
0.079970
0.079970
0.079970
0.068870
0.068870
0.068870
0.068870
0.068870
0.068870
0.068870
0.068870
0.068870
0.068870
0.058170
0.058170
0.058170
0.058170
0.058170
0.058170
0.058170
0.058170
0.058170
0.058170
0.047860
0.047860
0.047860
0.047860
0.047860
0.047860
0.047860
0.047860
0.047860
0.047860
0.037950
0.037950
0.037950
0.037950
0.037950
0.037950
0.037950
0.037950
0.037950
0.037950
0.028450
0.028450
0.028450
0.028450
0.028450
0.028450
0.028450
0.028450
0.028450
0.028450
0.019350
0.019350
0.019350
0.019350
0.019350
0.019350
0.019350
0.019350
0.019350
0.019350
0.010680
0.010680
0.010680
0.010680
0.010680
0.010680
0.010680
0.010680
0.010680
0.010680
0.002370
0.002370
0.002370
0.002370
0.002370
0.002370
0.002370
0.002370
0.002370
0.002370
-0.005510
-0.005510
-0.005510
-0.005510
-0.005510
-0.005510
-0.005510
-0.005510
-0.005510
-0.005510
-0.012970
-0.012970
-0.012970
-0.012970
-0.012970
-0.012970
-0.012970
-0.012970
-0.012970
-0.012970
-0.020060
-0.020060
-0.020060
-0.020060
-0.020060
-0.020060
-0.020060
-0.020060
-0.020060
-0.020060
-0.026740
-0.026740
-0.026740
-0.026740
-0.026740
-0.026740
-0.026740
-0.026740
-0.026740
-0.026740
-0.033050
-0.033050
-0.033050
-0.033050
-0.033050
-0.033050
-0.033050
-0.033050
-0.033050
-0.033050
-0.038960
-0.038960
-0.038960
-0.038960
-0.038960
-0.038960
-0.038960
-0.038960
-0.038960
-0.038960
-0.044480
-0.044480
-0.044480
-0.044480
-0.044480
-0.044480
-0.044480
-0.044480
-0.044480
-0.044480
-0.049640
-0.049640
-0.049640
-0.049640
-0.049640
-0.049640
-0.049640
-0.049640
-0.049640
-0.049640
-0.054420
-0.054420
-0.054420
-0.054420
-0.054420
-0.054420
-0.054420
-0.054420
-0.054420
-0.054420
-0.058870
-0.058870
-0.058870
-0.058870
-0.058870
-0.058870
-0.058870
-0.058870
-0.058870
-0.058870
-0.062960
-0.062960
-0.062960
-0.062960
-0.062960
-0.062960
-0.062960
-0.062960
-0.062960
-0.062960
-0.066700
-0.066700
-0.066700
-0.066700
-0.066700
-0.066700
-0.066700
-0.066700
-0.066700
-0.066700
-0.070110
-0.070110
-0.070110
-0.070110
-0.070110
-0.070110
-0.070110
-0.070110
-0.070110
-0.070110
-0.073190
-0.073190
-0.073190
-0.073190
-0.073190
-0.073190
-0.073190
-0.073190
-0.073190
-0.073190
-0.075950
-0.075950
-0.075950
-0.075950
-0.075950
-0.075950
-0.075950
-0.075950
-0.075950
-0.075950
-0.078410
-0.078410
-0.078410
-0.078410
-0.078410
-0.078410
-0.078410
-0.078410
-0.078410
-0.078410
-0.080570
-0.080570
-0.080570
-0.080570
-0.080570
-0.080570
-0.080570
-0.080570
-0.080570
-0.080570
-0.082440
-0.082440
-0.082440
-0.082440
-0.082440
-0.082440
-0.082440
-0.082440
-0.082440
-0.082440
-0.084030
-0.084030
-0.084030
-0.084030
-0.084030
-0.084030
-0.084030
-0.084030
-0.084030
-0.084030
-0.085360
-0.085360
-0.085360
-0.085360
-0.085360
-0.085360
-0.085360
-0.085360
-0.085360
-0.085360
-0.086430
-0.086430
-0.086430
-0.086430
-0.086430
-0.086430
-0.086430
-0.086430
-0.086430
-0.086430
-0.087260
-0.087260
-0.087260
-0.087260
-0.087260
-0.087260
-0.087260
-0.087260
-0.087260
-0.087260
-0.087850
-0.087850
-0.087850
-0.087850
-0.087850
-0.087850
-0.087850
-0.087850
-0.087850
-0.087850
-0.088210
-0.088210
-0.088210
-0.088210
-0.088210
-0.088210
-0.088210
-0.088210
-0.088210
-0.088210
-0.088350
-0.088350
-0.088350
-0.088350
-0.088350
-0.088350
-0.088350
-0.088350
-0.088350
-0.088350
-0.088290
-0.088290
-0.088290
-0.088290
-0.088290
-0.088290
-0.088290
-0.088290
-0.088290
-0.088290
-0.088030
-0.088030
-0.088030
-0.088030
-0.088030
-0.088030
-0.088030
-0.088030
-0.088030
-0.088030
-0.087590
-0.087590
-0.087590
-0.087590
-0.087590
-0.087590
-0.087590
-0.087590
-0.087590
-0.087590
-0.086990
-0.086990
-0.086990
-0.086990
-0.086990
-0.086990
-0.086990
-0.086990
-0.086990
-0.086990
-0.086210
-0.086210
-0.086210
-0.086210
-0.086210
-0.086210
-0.086210
-0.086210
-0.086210
-0.086210
-0.085270
-0.085270
-0.085270
-0.085270
-0.085270
-0.085270
-0.085270
-0.085270
-0.085270
-0.085270
-0.084200
-0.084200
-0.084200
-0.084200
-0.084200
-0.084200
-0.084200
-0.084200
-0.084200
-0.084200
-0.082990
-0.082990
-0.082990
-0.082990
-0.082990
-0.082990
-0.082990
-0.082990
-0.082990
-0.082990
-0.081640
-0.081640
-0.081640
-0.081640
-0.081640
-0.081640
-0.081640
-0.081640
-0.081640
-0.081640
-0.080190
-0.080190
-0.080190
-0.080190
-0.080190
-0.080190
-0.080190
-0.080190
-0.080190
-0.080190
-0.078630
-0.078630
-0.078630
-0.078630
-0.078630
-0.078630
-0.078630
-0.078630
-0.078630
-0.078630
-0.076960
-0.076960
-0.076960
-0.076960
-0.076960
-0.076960
-0.076960
-0.076960
-0.076960
-0.076960
-0.075210
-0.075210
-0.075210
-0.075210
-0.075210
-0.075210
-0.075210
-0.075210
-0.075210
-0.075210
-0.073370
-0.073370
-0.073370
-0.073370
-0.073370
-0.073370
-0.073370
-0.073370
-0.073370
-0.073370
-0.071460
-0.071460
-0.071460
-0.071460
-0.071460
-0.071460
-0.071460
-0.071460
-0.071460
-0.071460
-0.069490
-0.069490
-0.069490
-0.069490
-0.069490
-0.069490
-0.069490
-0.069490
-0.069490
-0.069490
-0.067460
-0.067460
-0.067460
-0.067460
-0.067460
-0.067460
-0.067460
-0.067460
-0.067460
-0.067460
-0.065370
-0.065370
-0.065370
-0.065370
-0.065370
-0.065370
-0.065370
-0.065370
-0.065370
-0.065370
-0.063240
-0.063240
-0.063240
-0.063240
-0.063240
-0.063240
-0.063240
-0.063240
-0.063240
-0.063240
-0.061080
-0.061080
-0.061080
-0.061080
-0.061080
-0.061080
-0.061080
-0.061080
-0.061080
-0.061080
-0.058890
-0.058890
-0.058890
-0.058890
-0.058890
-0.058890
-0.058890
-0.058890
-0.058890
-0.058890
-0.056670
-0.056670
-0.056670
-0.056670
-0.056670
-0.056670
-0.056670
-0.056670
-0.056670
-0.056670
-0.054440
-0.054440
-0.054440
-0.054440
-0.054440
-0.054440
-0.054440
-0.054440
-0.054440
-0.054440
-0.052200
-0.052200
-0.052200
-0.052200
-0.052200
-0.052200
-0.052200
-0.052200
-0.052200
-0.052200
-0.049940
-0.049940
-0.049940
-0.049940
-0.049940
-0.049940
-0.049940
-0.049940
-0.049940
-0.049940
-0.047680
-0.047680
-0.047680
-0.047680
-0.047680
-0.047680
-0.047680
-0.047680
-0.047680
-0.047680
-0.045430
-0.045430
-0.045430
-0.045430
-0.045430
-0.045430
-0.045430
-0.045430
-0.045430
-0.045430
-0.043190
-0.043190
-0.043190
-0.043190
-0.043190
-0.043190
-0.043190
-0.043190
-0.043190
-0.043190
-0.040960
-0.040960
-0.040960
-0.040960
-0.040960
-0.040960
-0.040960
-0.040960
-0.040960
-0.040960
-0.038760
-0.038760
-0.038760
-0.038760
-0.038760
-0.038760
-0.038760
-0.038760
-0.038760
-0.038760
-0.036570
-0.036570
-0.036570
-0.036570
-0.036570
-0.036570
-0.036570
-0.036570
-0.036570
-0.036570
-0.034400
-0.034400
-0.034400
-0.034400
-0.034400
-0.034400
-0.034400
-0.034400
-0.034400
-0.034400
-0.032280
-0.032280
-0.032280
-0.032280
-0.032280
-0.032280
-0.032280
-0.032280
-0.032280
-0.032280
-0.030180
-0.030180
-0.030180
-0.030180
-0.030180
-0.030180
-0.030180
-0.030180
-0.030180
-0.030180
-0.028130
-0.028130
-0.028130
-0.028130
-0.028130
-0.028130
-0.028130
-0.028130
-0.028130
-0.028130
-0.026110
-0.026110
-0.026110
-0.026110
-0.026110
-0.026110
-0.026110
-0.026110
-0.026110
-0.026110
-0.024100
-0.024100
-0.024100
-0.024100
-0.024100
-0.024100
-0.024100
-0.024100
-0.024100
-0.024100
-0.022170
-0.022170
-0.022170
-0.022170
-0.022170
-0.022170
-0.022170
-0.022170
-0.022170
-0.022170
-0.020280
-0.020280
-0.020280
-0.020280
-0.020280
-0.020280
-0.020280
-0.020280
-0.020280
-0.020280
-0.018440
-0.018440
-0.018440
-0.018440
-0.018440
-0.018440
-0.018440
-0.018440
-0.018440
-0.018440
-0.016640
-0.016640
-0.016640
-0.016640
-0.016640
-0.016640
-0.016640
-0.016640
-0.016640
-0.016640
-0.014900
-0.014900
-0.014900
-0.014900
-0.014900
-0.014900
-0.014900
-0.014900
-0.014900
-0.014900
-0.013210
-0.013210
-0.013210
-0.013210
-0.013210
-0.013210
-0.013210
-0.013210
-0.013210
-0.013210
-0.011570
-0.011570
-0.011570
-0.011570
-0.011570
-0.011570
-0.011570
-0.011570
-0.011570
-0.011570
-0.009980
-0.009980
-0.009980
-0.009980
-0.009980
-0.009980
-0.009980
-0.009980
-0.009980
-0.009980
-0.008460
-0.008460
-0.008460
-0.008460
-0.008460
-0.008460
-0.008460
-0.008460
-0.008460
-0.008460
-0.006990
-0.006990
-0.006990
-0.006990
-0.006990
-0.006990
-0.006990
-0.006990
-0.006990
-0.006990
-0.005570
-0.005570
-0.005570
-0.005570
-0.005570
-0.005570
-0.005570
-0.005570
-0.005570
-0.005570
-0.004210
-0.004210
-0.004210
-0.004210
-0.004210
-0.004210
-0.004210
-0.004210
-0.004210
-0.004210
-0.002910
-0.002910
-0.002910
-0.002910
-0.002910
-0.002910
-0.002910
-0.002910
-0.002910
-0.002910
-0.001660
-0.001660
-0.001660
-0.001660
-0.001660
-0.001660
-0.001660
-0.001660
-0.001660
-0.001660
-0.000480
-0.000480
-0.000480
-0.000480
-0.000480
-0.000480
-0.000480
-0.000480
-0.000480
-0.000480
0.000640
0.000640
0.000640
0.000640
0.000640
0.000640
0.000640
0.000640
0.000640
0.000640
0.001710
0.001710
0.001710
0.001710
0.001710
0.001710
0.001710
0.001710
0.001710
0.001710
0.002750
0.002750
0.002750
0.002750
0.002750
0.002750
0.002750
0.002750
0.002750
0.002750
0.003700
0.003700
0.003700
0.003700
0.003700
0.003700
0.003700
0.003700
0.003700
0.003700
0.004600
0.004600
0.004600
0.004600
0.004600
0.004600
0.004600
0.004600
0.004600
0.004600
0.005440
0.005440
0.005440
0.005440
0.005440
0.005440
0.005440
0.005440
0.005440
0.005440
0.006230
0.006230
0.006230
0.006230
0.006230
0.006230
0.006230
0.006230
0.006230
0.006230
0.006970
0.006970
0.006970
0.006970
0.006970
0.006970
0.006970
0.006970
0.006970
0.006970
0.007660
0.007660
0.007660
0.007660
0.007660
0.007660
0.007660
0.007660
0.007660
0.007660
0.008300
0.008300
0.008300
0.008300
0.008300
0.008300
0.008300
0.008300
0.008300
0.008300
0.008890
0.008890
0.008890
0.008890
0.008890
0.008890
0.008890
0.008890
0.008890
0.008890
0.009430
0.009430
0.009430
0.009430
0.009430
0.009430
0.009430
0.009430
0.009430
0.009430
0.009930
0.009930
0.009930
0.009930
0.009930
0.009930
0.009930
0.009930
0.009930
0.009930
0.010370
0.010370
0.010370
0.010370
0.010370
0.010370
0.010370
0.010370
0.010370
0.010370
0.010770
0.010770
0.010770
0.010770
0.010770
0.010770
0.010770
0.010770
0.010770
0.010770
0.011120
0.011120
0.011120
0.011120
0.011120
0.011120
0.011120
0.011120
0.011120
0.011120
0.011450
0.011450
0.011450
0.011450
0.011450
0.011450
0.011450
0.011450
0.011450
0.011450
0.011720
0.011720
0.011720
0.011720
0.011720
0.011720
0.011720
0.011720
0.011720
0.011720
0.011960
0.011960
0.011960
0.011960
0.011960
0.011960
0.011960
0.011960
0.011960
0.011960
0.012160
0.012160
0.012160
0.012160
0.012160
0.012160
0.012160
0.012160
0.012160
0.012160
0.012310
0.012310
0.012310
0.012310
0.012310
0.012310
0.012310
0.012310
0.012310
0.012310
0.012440
0.012440
0.012440
0.012440
0.012440
0.012440
0.012440
0.012440
0.012440
0.012440
0.012530
0.012530
0.012530
0.012530
0.012530
0.012530
0.012530
0.012530
0.012530
0.012530
0.012580
0.012580
0.012580
0.012580
0.012580
0.012580
0.012580
0.012580
0.012580
0.012580
0.012610
0.012610
0.012610
0.012610
0.012610
0.012610
0.012610
0.012610
0.012610
0.012610
0.012610
0.012610
0.012610
0.012610
0.012610
0.012610
0.012610
0.012610
0.012610
0.012610
0.012590
0.012590
0.012590
0.012590
0.012590
0.012590
0.012590
0.012590
0.012590
0.012590
0.012530
0.012530
0.012530
0.012530
0.012530
0.012530
0.012530
0.012530
0.012530
0.012530
0.012450
0.012450
0.012450
0.012450
0.012450
0.012450
0.012450
0.012450
0.012450
0.012450
0.012330
0.012330
0.012330
0.012330
0.012330
0.012330
0.012330
0.012330
0.012330
0.012330
0.012200
0.012200
0.012200
0.012200
0.012200
0.012200
0.012200
0.012200
0.012200
0.012200
0.012060
0.012060
0.012060
0.012060
0.012060
0.012060
0.012060
0.012060
0.012060
0.012060
0.011900
0.011900
0.011900
0.011900
0.011900
0.011900
0.011900
0.011900
0.011900
0.011900
0.011720
0.011720
0.011720
0.011720
0.011720
0.011720
0.011720
0.011720
0.011720
0.011720
0.011510
0.011510
0.011510
0.011510
0.011510
0.011510
0.011510
0.011510
0.011510
0.011510
0.011290
0.011290
0.011290
0.011290
0.011290
0.011290
0.011290
0.011290
0.011290
0.011290
0.011050
0.011050
0.011050
0.011050
0.011050
0.011050
0.011050
0.011050
0.011050
0.011050
0.010810
0.010810
0.010810
0.010810
0.010810
0.010810
0.010810
0.010810
0.010810
0.010810
0.010550
0.010550
0.010550
0.010550
0.010550
0.010550
0.010550
0.010550
0.010550
0.010550
0.010280
0.010280
0.010280
0.010280
0.010280
0.010280
0.010280
0.010280
0.010280
0.010280
0.010010
0.010010
0.010010
0.010010
0.010010
0.010010
0.010010
0.010010
0.010010
0.010010
0.009730
0.009730
0.009730
0.009730
0.009730
0.009730
0.009730
0.009730
0.009730
0.009730
0.009420
0.009420
0.009420
0.009420
0.009420
0.009420
0.009420
0.009420
0.009420
0.009420
0.009120
0.009120
0.009120
0.009120
0.009120
0.009120
0.009120
0.009120
0.009120
0.009120
0.008820
0.008820
0.008820
0.008820
0.008820
0.008820
0.008820
0.008820
0.008820
0.008820
0.008510
0.008510
0.008510
0.008510
0.008510
0.008510
0.008510
0.008510
0.008510
0.008510
0.008200
0.008200
0.008200
0.008200
0.008200
0.008200
0.008200
0.008200
0.008200
0.008200
0.007880
0.007880
0.007880
0.007880
0.007880
0.007880
0.007880
0.007880
0.007880
0.007880
0.007570
0.007570
0.007570
0.007570
0.007570
0.007570
0.007570
0.007570
0.007570
0.007570
0.007250
0.007250
0.007250
0.007250
0.007250
0.007250
0.007250
0.007250
0.007250
0.007250
0.006930
0.006930
0.006930
0.006930
0.006930
0.006930
0.006930
0.006930
0.006930
0.006930
0.006610
0.006610
0.006610
0.006610
0.006610
0.006610
0.006610
0.006610
0.006610
0.006610
0.006280
0.006280
0.006280
0.006280
0.006280
0.006280
0.006280
0.006280
0.006280
0.006280
0.005970
0.005970
0.005970
0.005970
0.005970
0.005970
0.005970
0.005970
0.005970
0.005970
0.005650
0.005650
0.005650
0.005650
0.005650
0.005650
0.005650
0.005650
0.005650
0.005650
0.005340
0.005340
0.005340
0.005340
0.005340
0.005340
0.005340
0.005340
0.005340
0.005340
0.005030
0.005030
0.005030
0.005030
0.005030
0.005030
0.005030
0.005030
0.005030
0.005030
0.004730
0.004730
0.004730
0.004730
0.004730
0.004730
0.004730
0.004730
0.004730
0.004730
0.004430
0.004430
0.004430
0.004430
0.004430
0.004430
0.004430
0.004430
0.004430
0.004430
0.004130
0.004130
0.004130
0.004130
0.004130
0.004130
0.004130
0.004130
0.004130
0.004130
0.003860
0.003860
0.003860
0.003860
0.003860
0.003860
0.003860
0.003860
0.003860
0.003860
0.003550
0.003550
0.003550
0.003550
0.003550
0.003550
0.003550
0.003550
0.003550
0.003550
0.003270
0.003270
0.003270
0.003270
0.003270
0.003270
0.003270
0.003270
0.003270
0.003270
0.003010
0.003010
0.003010
0.003010
0.003010
0.003010
0.003010
0.003010
0.003010
0.003010
0.002750
0.002750
0.002750
0.002750
0.002750
0.002750
0.002750
0.002750
0.002750
0.002750
0.002490
0.002490
0.002490
0.002490
0.002490
0.002490
0.002490
0.002490
0.002490
0.002490
0.002230
0.002230
0.002230
0.002230
0.002230
0.002230
0.002230
0.002230
0.002230
0.002230
0.001990
0.001990
0.001990
0.001990
0.001990
0.001990
0.001990
0.001990
0.001990
0.001990
0.001750
0.001750
0.001750
0.001750
0.001750
0.001750
0.001750
0.001750
0.001750
0.001750
0.001530
0.001530
0.001530
0.001530
0.001530
0.001530
0.001530
0.001530
0.001530
0.001530
0.001300
0.001300
0.001300
0.001300
0.001300
0.001300
0.001300
0.001300
0.001300
0.001300
0.001090
0.001090
0.001090
0.001090
0.001090
0.001090
0.001090
0.001090
0.001090
0.001090
0.000890
0.000890
0.000890
0.000890
0.000890
0.000890
0.000890
0.000890
0.000890
0.000890
0.000700
0.000700
0.000700
0.000700
0.000700
0.000700
0.000700
0.000700
0.000700
0.000700
0.000510
0.000510
0.000510
0.000510
0.000510
0.000510
0.000510
0.000510
0.000510
0.000510
0.000310
0.000310
0.000310
0.000310
0.000310
0.000310
0.000310
0.000310
0.000310
0.000310
0.000150
0.000150
0.000150
0.000150
0.000150
0.000150
0.000150
0.000150
0.000150
0.000150
-0.000000
-0.000000
-0.000000
-0.000000
-0.000000
-0.000000
-0.000000
-0.000000
-0.000000
-0.000000
-0.000150
-0.000150
-0.000150
-0.000150
-0.000150
-0.000150
-0.000150
-0.000150
-0.000150
-0.000150
-0.000290
-0.000290
-0.000290
-0.000290
-0.000290
-0.000290
-0.000290
-0.000290
-0.000290
-0.000290
-0.000440
-0.000440
-0.000440
-0.000440
-0.000440
-0.000440
-0.000440
-0.000440
-0.000440
-0.000440
-0.000570
-0.000570
-0.000570
-0.000570
-0.000570
-0.000570
-0.000570
-0.000570
-0.000570
-0.000570
-0.000700
-0.000700
-0.000700
-0.000700
-0.000700
-0.000700
-0.000700
-0.000700
-0.000700
-0.000700
-0.000810
-0.000810
-0.000810
-0.000810
-0.000810
-0.000810
-0.000810
-0.000810
-0.000810
-0.000810
-0.000920
-0.000920
-0.000920
-0.000920
-0.000920
-0.000920
-0.000920
-0.000920
-0.000920
-0.000920
-0.001020
-0.001020
-0.001020
-0.001020
-0.001020
-0.001020
-0.001020
-0.001020
-0.001020
-0.001020
-0.001110
-0.001110
-0.001110
-0.001110
-0.001110
-0.001110
-0.001110
-0.001110
-0.001110
-0.001110
-0.001200
-0.001200
-0.001200
-0.001200
-0.001200
-0.001200
-0.001200
-0.001200
-0.001200
-0.001200
-0.001280
-0.001280
-0.001280
-0.001280
-0.001280
-0.001280
-0.001280
-0.001280
-0.001280
-0.001280
-0.001360
-0.001360
-0.001360
-0.001360
-0.001360
-0.001360
-0.001360
-0.001360
-0.001360
-0.001360
-0.001420
-0.001420
-0.001420
-0.001420
-0.001420
-0.001420
-0.001420
-0.001420
-0.001420
-0.001420
-0.001490
-0.001490
-0.001490
-0.001490
-0.001490
-0.001490
-0.001490
-0.001490
-0.001490
-0.001490
-0.001540
-0.001540
-0.001540
-0.001540
-0.001540
-0.001540
-0.001540
-0.001540
-0.001540
-0.001540
-0.001590
-0.001590
-0.001590
-0.001590
-0.001590
-0.001590
-0.001590
-0.001590
-0.001590
-0.001590
-0.001630
-0.001630
-0.001630
-0.001630
-0.001630
-0.001630
-0.001630
-0.001630
-0.001630
-0.001630
-0.001670
-0.001670
-0.001670
-0.001670
-0.001670
-0.001670
-0.001670
-0.001670
-0.001670
-0.001670
-0.001700
-0.001700
-0.001700
-0.001700
-0.001700
-0.001700
-0.001700
-0.001700
-0.001700
-0.001700
-0.001730
-0.001730
-0.001730
-0.001730
-0.001730
-0.001730
-0.001730
-0.001730
-0.001730
-0.001730
-0.001750
-0.001750
-0.001750
-0.001750
-0.001750
-0.001750
-0.001750
-0.001750
-0.001750
-0.001750
-0.001760
-0.001760
-0.001760
-0.001760
-0.001760
-0.001760
-0.001760
-0.001760
-0.001760
-0.001760
-0.001770
-0.001770
-0.001770
-0.001770
-0.001770
-0.001770
-0.001770
-0.001770
-0.001770
-0.001770
-0.001780
-0.001780
-0.001780
-0.001780
-0.001780
-0.001780
-0.001780
-0.001780
-0.001780
-0.001780
-0.001780
-0.001780
-0.001780
-0.001780
-0.001780
-0.001780
-0.001780
-0.001780
-0.001780
-0.001780
-0.001770
-0.001770
-0.001770
-0.001770
-0.001770
-0.001770
-0.001770
-0.001770
-0.001770
-0.001770
-0.001760
-0.001760
-0.001760
-0.001760
-0.001760
-0.001760
-0.001760
-0.001760
-0.001760
-0.001760
-0.001750
-0.001750
-0.001750
-0.001750
-0.001750
-0.001750
-0.001750
-0.001750
-0.001750
-0.001750
-0.001740
-0.001740
-0.001740
-0.001740
-0.001740
-0.001740
-0.001740
-0.001740
-0.001740
-0.001740
-0.001720
-0.001720
-0.001720
-0.001720
-0.001720
-0.001720
-0.001720
-0.001720
-0.001720
-0.001720
-0.001700
-0.001700
-0.001700
-0.001700
-0.001700
-0.001700
-0.001700
-0.001700
-0.001700
-0.001700
-0.001680
-0.001680
-0.001680
-0.001680
-0.001680
-0.001680
-0.001680
-0.001680
-0.001680
-0.001680
-0.001660
-0.001660
-0.001660
-0.001660
-0.001660
-0.001660
-0.001660
-0.001660
-0.001660
-0.001660
-0.001630
-0.001630
-0.001630
-0.001630
-0.001630
-0.001630
-0.001630
-0.001630
-0.001630
-0.001630
-0.001600
-0.001600
-0.001600
-0.001600
-0.001600
-0.001600
-0.001600
-0.001600
-0.001600
-0.001600
-0.001570
-0.001570
-0.001570
-0.001570
-0.001570
-0.001570
-0.001570
-0.001570
-0.001570
-0.001570
-0.001530
-0.001530
-0.001530
-0.001530
-0.001530
-0.001530
-0.001530
-0.001530
-0.001530
-0.001530
-0.001500
-0.001500
-0.001500
-0.001500
-0.001500
-0.001500
-0.001500
-0.001500
-0.001500
-0.001500
-0.001460
-0.001460
-0.001460
-0.001460
-0.001460
-0.001460
-0.001460
-0.001460
-0.001460
-0.001460
-0.001420
-0.001420
-0.001420
-0.001420
-0.001420
-0.001420
-0.001420
-0.001420
-0.001420
-0.001420
-0.001380
-0.001380
-0.001380
-0.001380
-0.001380
-0.001380
-0.001380
-0.001380
-0.001380
-0.001380
-0.001340
-0.001340
-0.001340
-0.001340
-0.001340
-0.001340
-0.001340
-0.001340
-0.001340
-0.001340
-0.001300
-0.001300
-0.001300
-0.001300
-0.001300
-0.001300
-0.001300
-0.001300
-0.001300
-0.001300
-0.001260
-0.001260
-0.001260
-0.001260
-0.001260
-0.001260
-0.001260
-0.001260
-0.001260
-0.001260
-0.001220
-0.001220
-0.001220
-0.001220
-0.001220
-0.001220
-0.001220
-0.001220
-0.001220
-0.001220
-0.001170
-0.001170
-0.001170
-0.001170
-0.001170
-0.001170
-0.001170
-0.001170
-0.001170
-0.001170
-0.001130
-0.001130
-0.001130
-0.001130
-0.001130
-0.001130
-0.001130
-0.001130
-0.001130
-0.001130
-0.001090
-0.001090
-0.001090
-0.001090
-0.001090
-0.001090
-0.001090
-0.001090
-0.001090
-0.001090
-0.001040
-0.001040
-0.001040
-0.001040
-0.001040
-0.001040
-0.001040
-0.001040
-0.001040
-0.001040
-0.001000
-0.001000
-0.001000
-0.001000
-0.001000
-0.001000
-0.001000
-0.001000
-0.001000
-0.001000
-0.000950
-0.000950
-0.000950
-0.000950
-0.000950
-0.000950
-0.000950
-0.000950
-0.000950
-0.000950
-0.000910
-0.000910
-0.000910
-0.000910
-0.000910
-0.000910
-0.000910
-0.000910
-0.000910
-0.000910
-0.000860
-0.000860
-0.000860
-0.000860
-0.000860
-0.000860
-0.000860
-0.000860
-0.000860
-0.000860
-0.000810
-0.000810
-0.000810
-0.000810
-0.000810
-0.000810
-0.000810
-0.000810
-0.000810
-0.000810
-0.000770
-0.000770
-0.000770
-0.000770
-0.000770
-0.000770
-0.000770
-0.000770
-0.000770
-0.000770
-0.000720
-0.000720
-0.000720
-0.000720
-0.000720
-0.000720
-0.000720
-0.000720
-0.000720
-0.000720
-0.000680
-0.000680
-0.000680
-0.000680
-0.000680
-0.000680
-0.000680
-0.000680
-0.000680
-0.000680
-0.000640
-0.000640
-0.000640
-0.000640
-0.000640
-0.000640
-0.000640
-0.000640
-0.000640
-0.000640
-0.000600
-0.000600
-0.000600
-0.000600
-0.000600
-0.000600
-0.000600
-0.000600
-0.000600
-0.000600
-0.000560
-0.000560
-0.000560
-0.000560
-0.000560
-0.000560
-0.000560
-0.000560
-0.000560
-0.000560
-0.000520
-0.000520
-0.000520
-0.000520
-0.000520
-0.000520
-0.000520
-0.000520
-0.000520
-0.000520
-0.000480
-0.000480
-0.000480
-0.000480
-0.000480
-0.000480
-0.000480
-0.000480
-0.000480
-0.000480
-0.000440
-0.000440
-0.000440
-0.000440
-0.000440
-0.000440
-0.000440
-0.000440
-0.000440
-0.000440
-0.000400
-0.000400
-0.000400
-0.000400
-0.000400
-0.000400
-0.000400
-0.000400
-0.000400
-0.000400
-0.000360
-0.000360
-0.000360
-0.000360
-0.000360
-0.000360
-0.000360
-0.000360
-0.000360
-0.000360
-0.000330
-0.000330
-0.000330
-0.000330
-0.000330
-0.000330
-0.000330
-0.000330
-0.000330
-0.000330
-0.000290
-0.000290
-0.000290
-0.000290
-0.000290
-0.000290
-0.000290
-0.000290
-0.000290
-0.000290
-0.000260
-0.000260
-0.000260
-0.000260
-0.000260
-0.000260
-0.000260
-0.000260
-0.000260
-0.000260
-0.000220
-0.000220
-0.000220
-0.000220
-0.000220
-0.000220
-0.000220
-0.000220
-0.000220
-0.000220
-0.000190
-0.000190
-0.000190
-0.000190
-0.000190
-0.000190
-0.000190
-0.000190
-0.000190
-0.000190
-0.000160
-0.000160
-0.000160
-0.000160
-0.000160
-0.000160
-0.000160
-0.000160
-0.000160
-0.000160
-0.000140
-0.000140
-0.000140
-0.000140
-0.000140
-0.000140
-0.000140
-0.000140
-0.000140
-0.000140
-0.000110
-0.000110
-0.000110
-0.000110
-0.000110
-0.000110
-0.000110
-0.000110
-0.000110
-0.000110
-0.000080
-0.000080
-0.000080
-0.000080
-0.000080
-0.000080
-0.000080
-0.000080
-0.000080
-0.000080
-0.000060
-0.000060
-0.000060
-0.000060
-0.000060
-0.000060
-0.000060
-0.000060
-0.000060
-0.000060
-0.000030
-0.000030
-0.000030
-0.000030
-0.000030
-0.000030
-0.000030
-0.000030
-0.000030
-0.000030
-0.000010
-0.000010
-0.000010
-0.000010
-0.000010
-0.000010
-0.000010
-0.000010
-0.000010
-0.000010
0.000020
0.000020
0.000020
0.000020
0.000020
0.000020
0.000020
0.000020
0.000020
0.000020
0.000040
0.000040
0.000040
0.000040
0.000040
0.000040
0.000040
0.000040
0.000040
0.000040
0.000060
0.000060
0.000060
0.000060
0.000060
0.000060
0.000060
0.000060
0.000060
0.000060
0.000080
0.000080
0.000080
0.000080
0.000080
0.000080
0.000080
0.000080
0.000080
0.000080
0.000100
0.000100
0.000100
0.000100
0.000100
0.000100
0.000100
0.000100
0.000100
0.000100
0.000110
0.000110
0.000110
0.000110
0.000110
0.000110
0.000110
0.000110
0.000110
0.000110
0.000130
0.000130
0.000130
0.000130
0.000130
0.000130
0.000130
0.000130
0.000130
0.000130
0.000140
0.000140
0.000140
0.000140
0.000140
0.000140
0.000140
0.000140
0.000140
0.000140
0.000150
0.000150
0.000150
0.000150
0.000150
0.000150
0.000150
0.000150
0.000150
0.000150
0.000160
0.000160
0.000160
0.000160
0.000160
0.000160
0.000160
0.000160
0.000160
0.000160
0.000180
0.000180
0.000180
0.000180
0.000180
0.000180
0.000180
0.000180
0.000180
0.000180
0.000190
0.000190
0.000190
0.000190
0.000190
0.000190
0.000190
0.000190
0.000190
0.000190
0.000190
0.000190
0.000190
0.000190
0.000190
0.000190
0.000190
0.000190
0.000190
0.000190
0.000200
0.000200
0.000200
0.000200
0.000200
0.000200
0.000200
0.000200
0.000200
0.000200
0.000210
0.000210
0.000210
0.000210
0.000210
0.000210
0.000210
0.000210
0.000210
0.000210
0.000220
0.000220
0.000220
0.000220
0.000220
0.000220
0.000220
0.000220
0.000220
0.000220
0.000220
0.000220
0.000220
0.000220
0.000220
0.000220
0.000220
0.000220
0.000220
0.000220
0.000230
0.000230
0.000230
0.000230
0.000230
0.000230
0.000230
0.000230
0.000230
0.000230
0.000230
0.000230
0.000230
0.000230
0.000230
0.000230
0.000230
0.000230
0.000230
0.000230
0.000240
0.000240
0.000240
0.000240
0.000240
0.000240
0.000240
0.000240
0.000240
0.000240
0.000240
0.000240
0.000240
0.000240
0.000240
0.000240
0.000240
0.000240
0.000240
0.000240
0.000240
0.000240
0.000240
0.000240
0.000240
0.000240
0.000240
0.000240
0.000240
0.000240
0.000250
0.000250
0.000250
0.000250
0.000250
0.000250
0.000250
0.000250
0.000250
0.000250
0.000250
0.000250
0.000250
0.000250
0.000250
0.000250
0.000250
0.000250
0.000250
0.000250
0.000250
0.000250
0.000250
0.000250
0.000250
0.000250
0.000250
0.000250
0.000250
0.000250
0.000250
0.000250
0.000250
0.000250
0.000250
0.000250
0.000250
0.000250
0.000250
0.000250
0.000250
0.000250
0.000250
0.000250
0.000250
0.000250
0.000250
0.000250
0.000250
0.000250
0.000240
0.000240
0.000240
0.000240
0.000240
0.000240
0.000240
0.000240
0.000240
0.000240
0.000240
0.000240
0.000240
0.000240
0.000240
0.000240
0.000240
0.000240
0.000240
0.000240
0.000240
0.000240
0.000240
0.000240
0.000240
0.000240
0.000240
0.000240
0.000240
0.000240
0.000240
0.000240
0.000240
0.000240
0.000240
0.000240
0.000240
0.000240
0.000240
0.000240
0.000230
0.000230
0.000230
0.000230
0.000230
0.000230
0.000230
0.000230
0.000230
0.000230
0.000230
0.000230
0.000230
0.000230
0.000230
0.000230
0.000230
0.000230
0.000230
0.000230
0.000230
0.000230
0.000230
0.000230
0.000230
0.000230
0.000230
0.000230
0.000230
0.000230
0.000220
0.000220
0.000220
0.000220
0.000220
0.000220
0.000220
0.000220
0.000220
0.000220
0.000220
0.000220
0.000220
0.000220
0.000220
0.000220
0.000220
0.000220
0.000220
0.000220
0.000210
0.000210
0.000210
0.000210
0.000210
0.000210
0.000210
0.000210
0.000210
0.000210
0.000210
0.000210
0.000210
0.000210
0.000210
0.000210
0.000210
0.000210
0.000210
0.000210
0.000200
0.000200
0.000200
0.000200
0.000200
0.000200
0.000200
0.000200
0.000200
0.000200
0.000200
0.000200
0.000200
0.000200
0.000200
0.000200
0.000200
0.000200
0.000200
0.000200
0.000190
0.000190
0.000190
0.000190
0.000190
0.000190
0.000190
0.000190
0.000190
0.000190
0.000190
0.000190
0.000190
0.000190
0.000190
0.000190
0.000190
0.000190
0.000190
0.000190
0.000180
0.000180
0.000180
0.000180
0.000180
0.000180
0.000180
0.000180
0.000180
0.000180
0.000180
0.000180
0.000180
0.000180
0.000180
0.000180
0.000180
0.000180
0.000180
0.000180
0.000170
0.000170
0.000170
0.000170
0.000170
0.000170
0.000170
0.000170
0.000170
0.000170
0.000170
0.000170
0.000170
0.000170
0.000170
0.000170
0.000170
0.000170
0.000170
0.000170
0.000160
0.000160
0.000160
0.000160
0.000160
0.000160
0.000160
0.000160
0.000160
0.000160
0.000150
0.000150
0.000150
0.000150
0.000150
0.000150
0.000150
0.000150
0.000150
0.000150
0.000150
0.000150
0.000150
0.000150
0.000150
0.000150
0.000150
0.000150
0.000150
0.000150
0.000140
0.000140
0.000140
0.000140
0.000140
0.000140
0.000140
0.000140
0.000140
0.000140
0.000140
0.000140
0.000140
0.000140
0.000140
0.000140
0.000140
0.000140
0.000140
0.000140
0.000130
0.000130
0.000130
0.000130
0.000130
0.000130
0.000130
0.000130
0.000130
0.000130
0.000130
0.000130
0.000130
0.000130
0.000130
0.000130
0.000130
0.000130
0.000130
0.000130
0.000120
0.000120
0.000120
0.000120
0.000120
0.000120
0.000120
0.000120
0.000120
0.000120
0.000120
0.000120
0.000120
0.000120
0.000120
0.000120
0.000120
0.000120
0.000120
0.000120
0.000110
0.000110
0.000110
0.000110
0.000110
0.000110
0.000110
0.000110
0.000110
0.000110
0.000100
0.000100
0.000100
0.000100
0.000100
0.000100
0.000100
0.000100
0.000100
0.000100
0.000100
0.000100
0.000100
0.000100
0.000100
0.000100
0.000100
0.000100
0.000100
0.000100
0.000090
0.000090
0.000090
0.000090
0.000090
0.000090
0.000090
0.000090
0.000090
0.000090
0.000090
0.000090
0.000090
0.000090
0.000090
0.000090
0.000090
0.000090
0.000090
0.000090
0.000080
0.000080
0.000080
0.000080
0.000080
0.000080
0.000080
0.000080
0.000080
0.000080
0.000080
0.000080
0.000080
0.000080
0.000080
0.000080
0.000080
0.000080
0.000080
0.000080
0.000070
0.000070
0.000070
0.000070
0.000070
0.000070
0.000070
0.000070
0.000070
0.000070
0.000070
0.000070
0.000070
0.000070
0.000070
0.000070
0.000070
0.000070
0.000070
0.000070
0.000060
0.000060
0.000060
0.000060
0.000060
0.000060
0.000060
0.000060
0.000060
0.000060
0.000060
0.000060
0.000060
0.000060
0.000060
0.000060
0.000060
0.000060
0.000060
0.000060
0.000050
0.000050
0.000050
0.000050
0.000050
0.000050
0.000050
0.000050
0.000050
0.000050
0.000050
0.000050
0.000050
0.000050
0.000050
0.000050
0.000050
0.000050
0.000050
0.000050
0.000040
0.000040
0.000040
0.000040
0.000040
0.000040
0.000040
0.000040
0.000040
0.000040
0.000030
0.000030
0.000030
0.000030
0.000030
0.000030
0.000030
0.000030
0.000030
0.000030
0.000030
0.000030
0.000030
0.000030
0.000030
0.000030
0.000030
0.000030
0.000030
0.000030
0.000030
0.000030
0.000030
0.000030
0.000030
0.000030
0.000030
0.000030
0.000030
0.000030
0.000020
0.000020
0.000020
0.000020
0.000020
0.000020
0.000020
0.000020
0.000020
0.000020
0.000020
0.000020
0.000020
0.000020
0.000020
0.000020
0.000020
0.000020
0.000020
0.000020
0.000010
0.000010
0.000010
0.000010
0.000010
0.000010
0.000010
0.000010
0.000010
0.000010
0.000010
0.000010
0.000010
0.000010
0.000010
0.000010
0.000010
0.000010
0.000010
0.000010
0.000000
0.000000
0.000000
0.000000
0.000000
0.000000
0.000000
0.000000
0.000000
0.000000
-0.000000
-0.000000
-0.000000
-0.000000
-0.000000
-0.000000
-0.000000
-0.000000
-0.000000
-0.000000
-0.000000
-0.000000
-0.000000
-0.000000
-0.000000
-0.000000
-0.000000
-0.000000
-0.000000
-0.000000
-0.000010
-0.000010
-0.000010
-0.000010
-0.000010
-0.000010
-0.000010
-0.000010
-0.000010
-0.000010
-0.000010
-0.000010
-0.000010
-0.000010
-0.000010
-0.000010
-0.000010
-0.000010
-0.000010
-0.000010
-0.000010
-0.000010
-0.000010
-0.000010
-0.000010
-0.000010
-0.000010
-0.000010
-0.000010
-0.000010
-0.000020
-0.000020
-0.000020
-0.000020
-0.000020
-0.000020
-0.000020
-0.000020
-0.000020
-0.000020
-0.000020
-0.000020
-0.000020
-0.000020
-0.000020
-0.000020
-0.000020
-0.000020
-0.000020
-0.000020
-0.000020
-0.000020
-0.000020
-0.000020
-0.000020
-0.000020
-0.000020
-0.000020
-0.000020
-0.000020
-0.000020
-0.000020
-0.000020
-0.000020
-0.000020
-0.000020
-0.000020
-0.000020
-0.000020
-0.000020
-0.000020
-0.000020
-0.000020
-0.000020
-0.000020
-0.000020
-0.000020
-0.000020
-0.000020
-0.000020
-0.000030
-0.000030
-0.000030
-0.000030
-0.000030
-0.000030
-0.000030
-0.000030
-0.000030
-0.000030
-0.000030
-0.000030
-0.000030
-0.000030
-0.000030
-0.000030
-0.000030
-0.000030
-0.000030
-0.000030
-0.000030
-0.000030
-0.000030
-0.000030
-0.000030
-0.000030
-0.000030
-0.000030
-0.000030
-0.000030
-0.000030
-0.000030
-0.000030
-0.000030
-0.000030
-0.000030
-0.000030
-0.000030
-0.000030
-0.000030
-0.000030
-0.000030
-0.000030
-0.000030
-0.000030
-0.000030
-0.000030
-0.000030
-0.000030
-0.000030
-0.000030
-0.000030
-0.000030
-0.000030
-0.000030
-0.000030
-0.000030
-0.000030
-0.000030
-0.000030
-0.000030
-0.000030
-0.000030
-0.000030
-0.000030
-0.000030
-0.000030
-0.000030
-0.000030
-0.000030
-0.000030
-0.000030
-0.000030
-0.000030
-0.000030
-0.000030
-0.000030
-0.000030
-0.000030
-0.000030
-0.000040
-0.000040
-0.000040
-0.000040
-0.000040
-0.000040
-0.000040
-0.000040
-0.000040
-0.000040
-0.000040
-0.000040
-0.000040
-0.000040
-0.000040
-0.000040
-0.000040
-0.000040
-0.000040
-0.000040
-0.000040
-0.000040
-0.000040
-0.000040
-0.000040
-0.000040
-0.000040
-0.000040
-0.000040
-0.000040
-0.000040
-0.000040
-0.000040
-0.000040
-0.000040
-0.000040
-0.000040
-0.000040
-0.000040
-0.000040
-0.000040
-0.000040
-0.000040
-0.000040
-0.000040
-0.000040
-0.000040
-0.000040
-0.000040
-0.000040
-0.000040
-0.000040
-0.000040
-0.000040
-0.000040
-0.000040
-0.000040
-0.000040
-0.000040
-0.000040
-0.000040
-0.000040
-0.000040
-0.000040
-0.000040
-0.000040
-0.000040
-0.000040
-0.000040
-0.000040
-0.000040
-0.000040
-0.000040
-0.000040
-0.000040
-0.000040
-0.000040
-0.000040
-0.000040
-0.000040
-0.000040
-0.000040
-0.000040
-0.000040
-0.000040
-0.000040
-0.000040
-0.000040
-0.000040
-0.000040
-0.000040
-0.000040
-0.000040
-0.000040
-0.000040
-0.000040
-0.000040
-0.000040
-0.000040
-0.000040
-0.000040
-0.000040
-0.000040
-0.000040
-0.000040
-0.000040
-0.000040
-0.000040
-0.000040
-0.000040
-0.000040
-0.000040
-0.000040
-0.000040
-0.000040
-0.000040
-0.000040
-0.000040
-0.000040
-0.000040
-0.000040
-0.000040
-0.000040
-0.000040
-0.000040
-0.000040
-0.000040
-0.000040
-0.000040
-0.000040
-0.000040
-0.000040
-0.000040
-0.000040
-0.000040
-0.000040
-0.000040
-0.000040
-0.000040
-0.000040
-0.000040
