0.000000
0.000000
0.000000
0.000000
0.000000
0.000000
0.000000
0.000000
0.000000
0.000000
0.000000
0.000000
0.000000
0.000000
0.000000
0.000000
0.000000
0.000000
0.000000
0.000000
0.000000
0.000000
0.000000
0.000000
0.000000
0.000000
0.000000
0.000000
0.000000
0.000000
0.000000
0.000000
0.000000
0.000000
0.000000
0.000000
0.000000
0.000000
0.000000
0.000000
0.000000
0.000000
0.000000
0.000000
0.000000
0.000000
0.000000
0.000000
0.000000
-0.001340
0.000000
0.000000
0.000000
0.000000
0.000000
0.000000
0.000000
0.000000
0.000000
-0.001360
0.000000
0.000000
0.000000
0.000000
0.000000
0.000000
0.000000
0.000000
0.000000
-0.001380
0.000000
0.000000
0.000000
0.000000
0.000000
0.000000
0.000000
0.000000
-0.000870
-0.001070
0.000000
0.000000
0.000000
0.000000
0.000000
0.000000
0.000000
0.000000
0.000100
0.000200
0.000000
0.000000
0.000000
0.000000
0.000000
0.000000
0.000000
0.001980
0.002690
0.003530
0.000000
0.000000
0.000000
0.000000
0.000000
0.000000
0.004450
0.006130
0.008090
0.010290
0.000000
0.000000
0.000000
0.000000
0.000000
0.007060
0.010110
0.013640
0.017560
0.021790
0.000000
0.000000
0.000000
0.000000
0.000000
0.014680
0.020350
0.026540
0.033090
0.039830
0.000000
0.000000
0.000000
0.000000
0.016650
0.024560
0.033180
0.042150
0.051220
0.060190
0.000000
0.000000
0.000000
0.000000
0.028090
0.039730
0.051630
0.063370
0.074720
0.085560
0.000000
0.000000
0.000000
0.025970
0.041070
0.056570
0.071590
0.085750
0.098940
0.111200
0.000000
0.000000
0.000000
0.038640
0.058400
0.077380
0.094820
0.110610
0.124910
0.137920
0.000000
0.000000
0.000000
0.053830
0.077850
0.099580
0.118680
0.135460
0.150310
0.163600
0.000000
0.000000
0.035810
0.065930
0.094200
0.118620
0.139350
0.157050
0.172380
0.185880
0.000000
0.000000
0.046070
0.081620
0.113030
0.139020
0.160420
0.178310
0.193570
0.206830
0.000000
0.000000
0.056540
0.096780
0.130550
0.157520
0.179200
0.197020
0.211990
0.224860
0.000000
0.000000
0.080880
0.130040
0.167920
0.196640
0.218980
0.236920
0.251740
0.264290
0.000000
0.000000
0.128310
0.188940
0.231180
0.261540
0.284440
0.302450
0.317090
0.329310
0.000000
0.000000
0.172570
0.239200
0.283030
0.313650
0.336340
0.353950
0.368100
0.379780
0.000000
0.073460
0.189350
0.265670
0.313600
0.346040
0.369510
0.387380
0.401490
0.412960
0.000000
0.083410
0.208520
0.287080
0.335300
0.367480
0.390520
0.407860
0.421420
0.432320
0.000000
0.087310
0.215690
0.294770
0.342760
0.374510
0.397030
0.413830
0.426840
0.437180
0.000000
0.085210
0.211510
0.289740
0.337140
0.368340
0.390320
0.406600
0.419090
0.428920
0.000000
0.078050
0.197540
0.273650
0.320120
0.350670
0.372120
0.387890
0.399910
0.409290
0.000000
0.000000
0.192050
0.258560
0.300240
0.328090
0.347790
0.362320
0.373390
0.382000
0.000000
0.000000
0.161720
0.224950
0.265540
0.292840
0.312150
0.326360
0.337130
0.345470
0.000000
0.000000
0.128960
0.187130
0.225930
0.252420
0.271260
0.285130
0.295620
0.303720
0.000000
0.000000
0.096830
0.147870
0.183860
0.209090
0.227250
0.240690
0.250890
0.258760
0.000000
0.000000
0.067870
0.109860
0.141760
0.165040
0.182170
0.195020
0.204820
0.212430
0.000000
0.000000
0.043900
0.075610
0.102030
0.122450
0.138010
0.149940
0.159180
0.166410
0.000000
0.000000
0.000000
0.050090
0.069540
0.085640
0.098520
0.108730
0.116840
0.123310
0.000000
0.000000
0.000000
0.027000
0.039850
0.051490
0.061480
0.069830
0.076700
0.082350
0.000000
0.000000
0.000000
0.000000
0.019780
0.026590
0.032920
0.038560
0.043470
0.047680
0.000000
0.000000
0.000000
0.000000
0.000000
0.000000
0.013550
0.016360
0.018970
0.021340
0.000000
0.000000
0.000000
0.000000
0.000000
0.000000
0.000000
0.000000
0.000000
0.005690
-2879.933660
79.941880
81.470480
83.074290
84.763810
86.551530
88.452510
90.485030
92.671530
95.039930
97.625400
100.472970
103.641330
107.208630
111.281510
116.009870
121.612050
128.420590
136.971320
148.194110
163.876450
188.012220
232.023250
349.934550
15767.268030
-20.078400
-19.306480
-18.587680
-17.920380
-17.302940
-16.733710
-16.211030
-15.733230
-15.298660
-14.905670
-14.552610
-14.237870
-13.959840
-13.716950
-13.507650
-13.330400
-13.183720
-13.066140
-12.976240
-12.912610
-12.873900
-12.858790
-12.865990
-12.894270
-12.942400
-13.009210
-13.093590
-13.194430
-13.310670
-13.441310
-13.585360
-13.741870
-13.995160
-15.291240
-16.601170
-17.924510
-19.260860
-20.609830
-21.971050
-23.344180
-24.728910
-26.124940
-27.532020
-28.949890
-30.378350
-31.817190
-33.266240
-34.725360
-36.194420
-37.673300
-39.161930
-40.660250
-42.168200
-43.685760
-45.212930
-46.749710
-48.296130
-49.852240
-51.418100
-52.993770
-54.579350
-56.174950
-57.780680
-59.396670
-61.023070
-62.660030
-64.307730
-65.966350
-67.636080
-69.317140
-71.009750
-72.714150
-74.430590
-76.159350
-77.900700
-79.654960
-81.422460
-83.203540
-84.998570
-86.807980
-88.632170
-90.471630
-92.326860
-94.198400
-96.086840
-97.992850
-99.917120
-101.860420
-103.823610
-105.807610
-107.813450
-109.842260
-111.895280
-113.973900
-116.079650
-118.214230
-120.379530
-122.577660
-124.810980
-127.082130
-129.394060
-131.750100
-134.153990
-136.609960
-139.122800
-141.697940
-144.341570
-147.060770
-149.863660
-152.759590
-155.759380
-158.875620
-162.123020
-165.518890
-169.083710
-172.841930
-176.822920
-181.062350
-185.603950
-190.501940
-195.824490
-201.658530
-208.116920
-215.349100
-223.557640
-233.025000
-244.158550
-257.570810
-274.232560
-295.791580
-325.317700
-369.351760
-445.128960
-620.393960
-1865.920530
191.274120
230.765020
296.427780
434.252150
1000.453270
-855.324900
1672.153030
-417.862650
-549.623730
-1083.502040
641.090470
-14609.924510
31.430810
30.417860
29.426850
28.458020
27.511580
26.587660
25.686350
24.807720
23.951750
23.118430
22.307670
21.519380
20.753420
20.009620
19.287790
18.587720
17.909160
17.251850
16.615510
15.999860
15.404570
14.829330
14.273800
13.737640
13.220480
12.721980
12.241760
11.779440
11.334660
10.907030
10.496170
10.101690
9.723210
9.360350
9.012720
8.679940
8.361640
8.057430
7.766940
7.489810
7.225650
6.974120
6.734860
6.507510
6.291730
6.087170
5.893500
5.710390
5.537510
5.374550
5.221190
5.077130
4.942070
4.815710
4.697770
4.587960
4.486030
4.391680
4.304670
4.224740
4.151640
4.085130
4.024970
3.970940
3.922800
3.880340
3.843360
3.811630
3.784970
3.763170
3.746050
3.733430
3.725120
3.720960
3.720760
3.724390
3.731660
3.742430
3.756560
3.773890
3.794300
3.817640
3.843780
3.872590
4.177350
4.872490
5.571970
6.275730
6.983700
7.695820
8.412030
9.132270
9.856480
10.584610
11.316610
12.052430
12.792020
13.535330
14.282330
15.032970
15.787210
16.545030
17.306380
18.071230
18.839560
19.611350
20.386570
21.165210
21.947240
22.732660
23.521460
24.313640
25.109190
25.908120
26.710450
27.516170
28.325320
29.137910
29.953980
30.773560
31.596690
32.423430
33.253840
34.087970
34.925910
35.767740
36.613560
37.463470
38.317590
39.176060
40.039030
40.906640
41.779100
42.656590
43.539340
44.427580
45.321590
46.221660
47.128110
48.041290
48.961610
49.889480
50.825380
51.769830
52.723410
53.686750
54.660560
55.645590
56.642700
57.652850
58.677070
59.716530
60.772520
61.846490
62.940030
64.054950
65.193270
66.357260
67.549470
68.772800
70.030530
71.326410
72.664720
74.050380
75.489070
76.987370
78.552980
80.194930
81.923900
83.752630
85.696430
87.773870
90.007710
92.426240
95.064990
97.969410
101.198530
104.830740
108.972630
113.773310
119.448870
126.326120
134.926970
146.146430
161.676120
185.199450
226.787840
329.363760
1580.368680
-35.158030
-36.627660
-38.252680
-40.059770
-42.082370
-44.363020
-46.956840
-49.936640
-53.400910
-57.486610
-62.390700
-68.408260
-76.004840
-85.965710
-99.740850
-120.376820
-155.707520
-234.908760
-674.040040
242.514290
419.422450
-681.216620
239.643330
405.156140
-837.789370
190.376330
245.554000
432.247810
-595.431660
289.473710
827.854280
-109.811400
-137.093210
-189.988320
-354.910100
1196.148740
-53.458880
-57.741310
-62.924410
-69.352210
-77.581260
-88.582190
-104.232780
-128.766370
-174.459910
-301.115510
12509.877080
-23.570020
-23.080180
-22.617110
-22.180110
-21.768430
-21.381370
-21.018180
-20.678160
-20.360580
-20.064730
-19.789920
-19.535440
-19.300620
-19.084770
-18.887230
-18.707340
-18.544460
-18.397960
-18.267230
-18.151640
-18.050620
-17.963580
-17.889960
-17.829200
-17.780770
-17.744140
-17.718800
-17.704250
-17.700010
-17.705610
-17.720590
-17.744520
-17.776950
-17.817490
-17.865710
-17.921240
-17.983700
-18.052710
-18.127940
-18.209030
-18.295660
-18.422440
-19.398140
-20.381670
-21.372880
-22.371650
-23.377830
-24.391320
-25.412000
-26.439770
-27.474530
-28.516180
-29.564640
-30.619840
-31.681700
-32.750170
-33.825180
-34.906690
-35.994660
-37.089060
-38.189860
-39.297040
-40.410590
-41.530510
-42.656800
-43.789480
-44.928570
-46.074090
-47.226100
-48.384620
-49.549720
-50.721460
-51.899930
-53.085200
-54.277370
-55.476550
-56.682860
-57.896440
-59.117430
-60.345990
-61.582310
-62.826570
-64.079000
-65.339820
-66.609300
-67.887710
-69.175360
-70.472590
-71.779760
-73.097270
-74.425550
-75.765100
-77.116420
-78.480110
-79.856770
-81.247120
-82.651900
-84.071950
-85.508200
-86.961660
-88.433440
-89.924790
-91.437070
-92.971810
-94.530700
-96.115610
-97.728650
-99.372150
-101.048740
-102.761380
-104.513370
-106.308480
-108.150960
-110.045640
-111.998030
-114.014470
-116.102230
-118.269750
-120.526810
-122.884880
-125.357450
-127.960520
-130.713210
-133.638570
-136.764650
-140.125980
-143.765570
-147.737730
-152.112210
-156.980140
-162.463280
-168.728390
-176.010880
-184.655530
-195.190910
-208.475930
-226.018270
-250.763040
-289.455960
-362.258370
-575.582110
2536.191490
-177.829870
-186.060560
-195.965120
-208.249880
-224.109030
-245.755580
-277.867950
-332.614650
-456.538660
-1228.184190
177.462330
236.499480
375.677780
1421.396930
-279.031200
-333.983760
-458.338620
-1231.407440
178.746700
238.570240
380.500330
1495.810440
-269.175990
-315.304880
-408.624130
-755.490760
626.468510
-1019.310570
273.401510
496.398580
-4280.754040
0.000000
0.000000
0.000000
0.000000
0.000000
0.000000
0.000000
0.000000
0.000000
0.000000
0.000000
0.000000
0.000000
0.000000
0.000000
0.000000
0.000000
0.000000
0.000000
0.000000
0.000000
0.000000
0.000000
0.000000
0.000000
0.000000
0.000000
0.000000
0.000000
0.000000
0.000000
0.000000
0.000000
0.000000
0.000000
0.000000
0.000000
0.000000
0.000000
0.000000
0.000000
0.000000
0.000000
0.000000
0.000000
0.000000
0.000000
0.000000
0.000000
0.000000
0.000000
0.000000
0.000000
0.000000
0.000000
0.000000
0.000000
0.000000
0.000000
0.000000
0.000000
0.000000
0.000000
0.000000
0.000000
0.000000
0.000000
0.000000
0.000000
0.000000
0.000000
0.000000
0.000000
0.000000
0.000000
0.000000
0.000000
0.000000
0.000000
0.000000
0.000000
0.000000
0.000000
0.000000
0.000000
0.000000
0.000000
0.000000
0.000000
0.000000
0.000000
-0.147910
-0.219380
-0.270990
-0.309890
-0.340910
-0.366870
-0.389430
-0.409590
0.000000
0.000000
-0.132490
-0.201510
-0.252790
-0.292070
-0.323720
-0.350380
-0.373620
-0.394360
0.000000
0.000000
-0.118570
-0.184810
-0.235410
-0.274770
-0.306740
-0.333790
-0.357360
-0.378270
0.000000
0.000000
-0.105720
-0.168780
-0.218300
-0.257360
-0.289320
-0.316390
-0.339900
-0.360590
0.000000
0.000000
-0.093590
-0.152990
-0.200960
-0.239310
-0.270850
-0.297570
-0.320660
-0.340750
0.000000
0.000000
-0.081910
-0.137110
-0.182980
-0.220160
-0.250880
-0.276870
-0.299190
-0.318390
0.000000
0.000000
-0.070500
-0.120920
-0.164070
-0.199570
-0.229030
-0.253930
-0.275190
-0.293310
0.000000
0.000000
-0.059320
-0.104310
-0.144090
-0.177340
-0.205120
-0.228570
-0.248510
-0.265400
0.000000
0.000000
-0.048410
-0.087360
-0.123050
-0.153480
-0.179100
-0.200760
-0.219140
-0.234660
0.000000
0.000000
-0.037950
-0.070330
-0.101220
-0.128200
-0.151180
-0.170670
-0.187220
-0.201210
0.000000
0.000000
-0.028200
-0.053700
-0.079120
-0.102000
-0.121820
-0.138750
-0.153170
-0.165380
0.000000
0.000000
0.000000
-0.040330
-0.059700
-0.077660
-0.093520
-0.107230
-0.118960
-0.128940
0.000000
0.000000
0.000000
-0.025510
-0.038950
-0.051940
-0.063770
-0.074160
-0.083130
-0.090750
0.000000
0.000000
0.000000
0.000000
-0.022740
-0.030690
-0.038120
-0.044780
-0.050550
-0.055440
0.000000
0.000000
0.000000
0.000000
0.000000
-0.013750
-0.017240
-0.020400
-0.023120
-0.025370
0.000000
0.000000
0.000000
0.000000
0.000000
0.000000
0.000000
0.000000
0.000000
-0.006450
0.000000
0.000000
0.000000
0.000000
0.000000
0.000000
0.000000
0.000000
0.000000
0.000000
0.000000
0.000000
0.000000
0.000000
0.000000
0.000000
0.000000
0.000000
0.000000
0.000000
0.000000
0.000000
0.000000
0.000000
0.000000
0.000000
0.000000
0.007500
0.010770
0.014830
0.000000
0.000000
0.000000
0.000000
0.000000
0.014290
0.021120
0.029200
0.038350
0.048330
0.000000
0.000000
0.000000
0.013450
0.023830
0.036490
0.050750
0.065950
0.081520
0.097010
0.000000
0.000000
0.000000
0.030980
0.051030
0.072860
0.095080
0.116800
0.137460
0.156670
0.000000
0.000000
0.027720
0.056360
0.087960
0.119160
0.148530
0.175600
0.200180
0.222040
0.000000
0.000000
0.050450
0.094490
0.137360
0.176110
0.210620
0.241370
0.268680
0.292520
0.000000
0.000000
0.081710
0.140580
0.191890
0.235420
0.272920
0.305820
0.334880
0.360310
0.000000
0.000000
0.120050
0.190660
0.247040
0.292860
0.331550
0.365230
0.395040
0.421430
0.000000
0.000000
0.162630
0.240890
0.299470
0.345670
0.384120
0.417390
0.446890
0.473290
0.000000
0.068950
0.188770
0.277500
0.339880
0.387210
0.425640
0.458360
0.487110
0.512850
0.000000
0.107650
0.262170
0.358870
0.422400
0.469090
0.506230
0.537400
0.564510
0.588670
0.000000
0.152360
0.335070
0.435410
0.498380
0.543520
0.578750
0.607830
0.632770
0.654730
0.000000
0.193640
0.394890
0.496020
0.557520
0.600690
0.633770
0.660620
0.683270
0.702920
0.000000
0.225500
0.437380
0.537900
0.597610
0.638730
0.669700
0.694410
0.714910
0.732410
0.000000
0.244110
0.460680
0.559970
0.617860
0.657060
0.686080
0.708850
0.727430
0.743040
0.000000
0.248080
0.464720
0.562540
0.618740
0.656210
0.683510
0.704590
0.721510
0.735500
0.000000
0.238150
0.450840
0.547050
0.601730
0.637700
0.663530
0.683170
0.698700
0.711330
0.000000
0.216710
0.421400
0.515790
0.569110
0.603800
0.628390
0.646830
0.661210
0.672720
0.000000
0.187170
0.379470
0.471610
0.523650
0.557240
0.580810
0.598270
0.611710
0.622330
0.000000
0.153350
0.328590
0.417690
0.468410
0.501020
0.523720
0.540380
0.553080
0.562990
0.000000
0.118960
0.272530
0.357320
0.406490
0.438150
0.460100
0.476110
0.488200
0.497570
0.000000
0.087080
0.215190
0.293820
0.340930
0.371530
0.392760
0.408200
0.419810
0.428750
0.000000
0.000000
0.174250
0.239250
0.280450
0.307980
0.327350
0.341550
0.352250
0.360490
0.000000
0.000000
0.119340
0.175850
0.214120
0.240410
0.259150
0.272940
0.283360
0.291380
0.000000
0.000000
0.075030
0.119660
0.152920
0.176920
0.194470
0.207580
0.217570
0.225310
257.766410
923.792160
-59.945820
-66.331130
-74.682170
-86.189380
-103.333000
-132.402520
-196.168180
-513.733390
0.000000
0.000000
0.000000
0.042510
0.060130
0.075100
0.087320
0.097170
0.105070
0.111430
0.000000
0.000000
0.000000
0.022720
0.034030
0.044540
0.053740
0.061550
0.068080
0.073490
0.000000
0.000000
0.000000
0.000000
0.016610
0.022570
0.028200
0.033300
0.037800
0.041700
0.000000
0.000000
0.000000
0.000000
0.000000
0.000000
0.011210
0.013610
0.015860
0.017910
0.000000
0.000000
0.000000
0.000000
0.000000
0.000000
0.000000
0.000000
0.000000
0.000000
0.000000
0.000000
0.000000
0.000000
0.000000
0.000000
0.000000
0.000000
0.000000
0.000000
496.167250
-202.097470
-558.811760
219.872300
428.388300
-298.688010
1305.620940
-29.572580
-30.724300
-31.993750
0.000000
-1.439570
-1.617340
-1.686580
-1.721250
-1.739830
-1.749520
-1.753780
-1.754510
-1.752840
0.000000
-1.250190
-1.447610
-1.523750
-1.563260
-1.586060
-1.599690
-1.607750
-1.612180
-1.614140
0.000000
-0.916080
-1.145140
-1.230140
-1.274970
-1.302010
-1.319440
-1.331060
-1.338900
-1.344150
0.000000
-0.650980
-0.896290
-0.986650
-1.034740
-1.064440
-1.084300
-1.098240
-1.108320
-1.115750
0.000000
-0.446520
-0.689860
-0.782800
-0.832740
-0.864030
-0.885390
-0.900780
-0.912290
-0.921140
0.000000
-0.294430
-0.517980
-0.610970
-0.661700
-0.693830
-0.716060
-0.732320
-0.744720
-0.754450
0.000000
-0.185960
-0.375710
-0.465820
-0.516330
-0.548710
-0.571330
-0.588060
-0.600960
-0.611220
0.000000
-0.112130
-0.260330
-0.343810
-0.392850
-0.424880
-0.447500
-0.464380
-0.477500
-0.488030
0.000000
0.000000
-0.185670
-0.252410
-0.295000
-0.324030
-0.345060
-0.361040
-0.373640
-0.383870
0.000000
0.000000
-0.111030
-0.166780
-0.205860
-0.233620
-0.254150
-0.269950
-0.282510
-0.292770
0.000000
0.000000
-0.061400
-0.102180
-0.134680
-0.159460
-0.178520
-0.193530
-0.205660
-0.215670
0.000000
0.000000
0.000000
-0.060880
-0.084140
-0.103560
-0.119460
-0.132530
-0.143390
-0.152570
0.000000
0.000000
0.000000
-0.029690
-0.044610
-0.058600
-0.071080
-0.081960
-0.091420
-0.099650
0.000000
0.000000
0.000000
0.000000
-0.021460
-0.029770
-0.037930
-0.045650
-0.052790
-0.059340
0.000000
0.000000
0.000000
0.000000
0.000000
0.000000
-0.017570
-0.022060
-0.026550
-0.030960
0.000000
0.000000
0.000000
0.000000
0.000000
0.000000
0.000000
0.000000
-0.010690
-0.013040
0.000000
0.000000
0.000000
0.000000
0.000000
0.000000
0.000000
0.000000
0.000000
0.000000
0.000000
0.000000
0.000000
0.000000
0.000000
0.000000
0.000000
0.000000
0.000000
0.000000
0.000000
0.000000
0.000000
0.000000
0.000000
0.000000
0.000000
0.000000
0.000000
0.000000
0.000000
0.000000
0.000000
0.000000
0.000000
0.000000
0.000000
0.000000
0.000000
0.000000
0.000000
0.000000
0.000000
0.000000
0.000000
0.000000
0.000000
0.000000
0.000000
0.000000
0.000000
0.000000
0.000000
0.000000
0.000000
0.000000
0.000000
0.000000
0.000000
0.000000
0.000000
0.000000
0.000000
0.000000
0.000000
0.000000
0.000000
0.000000
0.000000
0.000000
0.000000
0.000000
0.000000
0.000000
0.000000
0.000000
0.000000
0.000000
0.000000
0.000000
0.000000
0.000000
0.000000
0.000000
0.000000
0.000000
0.000000
0.000000
0.000000
0.000000
0.000000
0.000000
0.000000
0.000000
0.000000
0.000000
0.000000
0.000000
0.000000
0.000000
0.000000
0.000000
0.000000
0.000000
0.000000
0.000000
0.000000
0.000000
0.000000
0.000000
0.000000
0.000000
0.000000
0.000000
0.000000
0.000000
0.000000
0.000000
0.000000
0.000000
0.000000
0.000000
0.000000
0.000000
0.000000
0.000000
0.000000
0.000000
0.000000
0.000000
0.000000
0.000000
0.000000
0.000000
0.000000
0.000000
0.000000
0.000000
0.000000
-0.008650
0.000000
0.000000
0.000000
0.000000
0.000000
0.000000
0.000000
0.000000
-0.010200
-0.012510
0.000000
0.000000
0.000000
0.000000
0.000000
0.000000
0.000000
-0.011080
-0.013870
-0.016790
0.000000
0.000000
0.000000
0.000000
0.000000
0.000000
-0.011090
-0.014360
-0.017780
-0.021280
0.000000
0.000000
0.000000
0.000000
0.000000
0.000000
-0.014270
-0.018200
-0.022230
-0.026270
0.000000
0.000000
0.000000
0.000000
0.000000
0.000000
-0.017620
-0.022180
-0.026750
-0.031260
0.000000
0.000000
0.000000
0.000000
0.000000
-0.015180
-0.020210
-0.025350
-0.030440
-0.035390
0.000000
0.000000
0.000000
0.000000
0.000000
-0.017720
-0.023340
-0.029000
-0.034530
-0.039830
0.000000
0.000000
0.000000
0.000000
0.000000
-0.020170
-0.026330
-0.032440
-0.038340
-0.043940
0.000000
0.000000
0.000000
0.000000
0.000000
-0.022480
-0.029110
-0.035610
-0.041830
-0.047680
0.000000
0.000000
0.000000
0.000000
0.000000
-0.024610
-0.031650
-0.038480
-0.044960
-0.051010
0.000000
0.000000
0.000000
0.000000
-0.017990
-0.025360
-0.032800
-0.039980
-0.046760
-0.053080
0.000000
0.000000
0.000000
0.000000
-0.019200
-0.026940
-0.034670
-0.042100
-0.049080
-0.055540
0.000000
0.000000
0.000000
0.000000
-0.020250
-0.028290
-0.036290
-0.043920
-0.051050
-0.057630
0.000000
0.000000
0.000000
0.000000
-0.021140
-0.029450
-0.037650
-0.045450
-0.052700
-0.059380
0.000000
0.000000
0.000000
0.000000
-0.021890
-0.030400
-0.038770
-0.046710
-0.054060
-0.060820
0.000000
0.000000
0.000000
0.000000
-0.022500
-0.031170
-0.039680
-0.047720
-0.055160
-0.061980
0.000000
0.000000
0.000000
0.000000
-0.022980
-0.031790
-0.040400
-0.048520
-0.056020
-0.062890
0.000000
0.000000
0.000000
0.000000
-0.023340
-0.032250
-0.040950
-0.049130
-0.056680
-0.063580
0.000000
0.000000
0.000000
0.000000
-0.023610
-0.032590
-0.041350
-0.049580
-0.057160
-0.064090
0.000000
0.000000
0.000000
0.000000
-0.023800
-0.032830
-0.041620
-0.049890
-0.057500
-0.064440
0.000000
0.000000
0.000000
0.000000
-0.023910
-0.032970
-0.041790
-0.050080
-0.057700
-0.064660
0.000000
0.000000
0.000000
0.000000
-0.023970
-0.033050
-0.041880
-0.050180
-0.057810
-0.064780
0.000000
0.000000
0.000000
0.000000
-0.023980
-0.033060
-0.041900
-0.050200
-0.057840
-0.064810
0.000000
0.000000
0.000000
0.000000
-0.023950
-0.033030
-0.041870
-0.050160
-0.057800
-0.064780
0.000000
0.000000
0.000000
0.000000
-0.023900
-0.032970
-0.041790
-0.050090
-0.057720
-0.064700
0.000000
0.000000
0.000000
0.000000
-0.023830
-0.032880
-0.041690
-0.049980
-0.057610
-0.064580
0.000000
0.000000
0.000000
0.000000
-0.023750
-0.032780
-0.041580
-0.049850
-0.057480
-0.064440
0.000000
0.000000
0.000000
0.000000
-0.023660
-0.032670
-0.041450
-0.049710
-0.057330
-0.064290
0.000000
0.000000
0.000000
0.000000
-0.023570
-0.032560
-0.041320
-0.049570
-0.057180
-0.064140
0.000000
0.000000
0.000000
0.000000
-0.023480
-0.032450
-0.041200
-0.049440
-0.057040
-0.063990
0.000000
0.000000
0.000000
0.000000
-0.023400
-0.032340
-0.041080
-0.049310
-0.056900
-0.063850
0.000000
0.000000
0.000000
0.000000
-0.023330
-0.032250
-0.040970
-0.049190
-0.056780
-0.063720
0.000000
0.000000
0.000000
0.000000
-0.023260
-0.032170
-0.040880
-0.049090
-0.056670
-0.063610
0.000000
0.000000
0.000000
0.000000
-0.023200
-0.032100
-0.040800
-0.049000
-0.056580
-0.063520
0.000000
0.000000
0.000000
0.000000
-0.023160
-0.032040
-0.040730
-0.048930
-0.056510
-0.063440
0.000000
0.000000
0.000000
0.000000
-0.023120
-0.032000
-0.040680
-0.048880
-0.056450
-0.063390
0.000000
0.000000
0.000000
0.000000
-0.023100
-0.031970
-0.040650
-0.048840
-0.056420
-0.063360
0.000000
0.000000
0.000000
0.000000
-0.023080
-0.031950
-0.040630
-0.048820
-0.056400
-0.063340
0.000000
0.000000
0.000000
0.000000
-0.023080
-0.031950
-0.040630
-0.048820
-0.056400
-0.063350
0.000000
0.000000
0.000000
0.000000
-0.023080
-0.031950
-0.040640
-0.048840
-0.056420
-0.063370
0.000000
0.000000
0.000000
0.000000
-0.023100
-0.031970
-0.040670
-0.048870
-0.056460
-0.063410
0.000000
0.000000
0.000000
0.000000
-0.023120
-0.032000
-0.040700
-0.048910
-0.056510
-0.063470
0.000000
0.000000
0.000000
0.000000
-0.023150
-0.032040
-0.040750
-0.048970
-0.056570
-0.063540
0.000000
0.000000
0.000000
0.000000
-0.023190
-0.032090
-0.040810
-0.049040
-0.056650
-0.063620
0.000000
0.000000
0.000000
0.000000
-0.023230
-0.032150
-0.040880
-0.049120
-0.056730
-0.063710
0.000000
0.000000
0.000000
0.000000
-0.023280
-0.032210
-0.040960
-0.049200
-0.056830
-0.063820
0.000000
0.000000
0.000000
0.000000
-0.023340
-0.032280
-0.041040
-0.049300
-0.056940
-0.063930
0.000000
0.000000
0.000000
0.000000
-0.023390
-0.032360
-0.041130
-0.049400
-0.057050
-0.064050
0.000000
0.000000
0.000000
0.000000
-0.023460
-0.032440
-0.041220
-0.049510
-0.057170
-0.064180
0.000000
0.000000
0.000000
0.000000
-0.023520
-0.032520
-0.041320
-0.049620
-0.057290
-0.064310
0.000000
0.000000
0.000000
0.000000
-0.023590
-0.032610
-0.041430
-0.049740
-0.057420
-0.064450
0.000000
0.000000
0.000000
0.000000
-0.023660
-0.032700
-0.041530
-0.049860
-0.057550
-0.064590
0.000000
0.000000
0.000000
0.000000
-0.023730
-0.032790
-0.041640
-0.049980
-0.057690
-0.064740
0.000000
0.000000
0.000000
0.000000
-0.023800
-0.032880
-0.041750
-0.050110
-0.057820
-0.064880
0.000000
0.000000
0.000000
0.000000
-0.023870
-0.032980
-0.041870
-0.050230
-0.057960
-0.065030
0.000000
0.000000
0.000000
0.000000
-0.023950
-0.033070
-0.041980
-0.050360
-0.058100
-0.065180
0.000000
0.000000
0.000000
0.000000
-0.024020
-0.033170
-0.042090
-0.050490
-0.058240
-0.065330
0.000000
0.000000
0.000000
0.000000
-0.024100
-0.033270
-0.042210
-0.050620
-0.058390
-0.065490
0.000000
0.000000
0.000000
0.000000
-0.024170
-0.033360
-0.042320
-0.050750
-0.058530
-0.065640
0.000000
0.000000
0.000000
0.000000
-0.024250
-0.033460
-0.042440
-0.050880
-0.058670
-0.065790
0.000000
0.000000
0.000000
0.000000
-0.024320
-0.033560
-0.042550
-0.051010
-0.058810
-0.065940
0.000000
0.000000
0.000000
0.000000
-0.024400
-0.033650
-0.042670
-0.051140
-0.058950
-0.066090
0.000000
0.000000
0.000000
0.000000
-0.024470
-0.033750
-0.042780
-0.051270
-0.059090
-0.066240
0.000000
0.000000
0.000000
0.000000
-0.024550
-0.033840
-0.042890
-0.051400
-0.059230
-0.066390
0.000000
0.000000
0.000000
0.000000
-0.024620
-0.033940
-0.043010
-0.051520
-0.059370
-0.066540
0.000000
0.000000
0.000000
0.000000
-0.024700
-0.034030
-0.043120
-0.051650
-0.059510
-0.066690
0.000000
0.000000
0.000000
0.000000
-0.024770
-0.034130
-0.043230
-0.051780
-0.059650
-0.066840
0.000000
0.000000
0.000000
0.000000
-0.024850
-0.034220
-0.043340
-0.051900
-0.059790
-0.066990
0.000000
0.000000
0.000000
0.000000
-0.024920
-0.034320
-0.043450
-0.052030
-0.059920
-0.067130
0.000000
0.000000
0.000000
0.000000
-0.024990
-0.034410
-0.043560
-0.052150
-0.060060
-0.067280
0.000000
0.000000
0.000000
0.000000
-0.025060
-0.034500
-0.043680
-0.052280
-0.060200
-0.067430
0.000000
0.000000
0.000000
0.000000
-0.025140
-0.034600
-0.043790
-0.052400
-0.060330
-0.067570
0.000000
0.000000
0.000000
0.000000
-0.025210
-0.034690
-0.043890
-0.052520
-0.060470
-0.067720
0.000000
0.000000
0.000000
0.000000
-0.025280
-0.034780
-0.044000
-0.052650
-0.060600
-0.067860
0.000000
0.000000
0.000000
0.000000
-0.025350
-0.034870
-0.044110
-0.052770
-0.060740
-0.068000
0.000000
0.000000
0.000000
0.000000
-0.025420
-0.034960
-0.044220
-0.052890
-0.060870
-0.068150
0.000000
0.000000
0.000000
0.000000
-0.025500
-0.035060
-0.044330
-0.053020
-0.061000
-0.068290
0.000000
0.000000
0.000000
0.000000
-0.025570
-0.035150
-0.044440
-0.053140
-0.061140
-0.068430
0.000000
0.000000
0.000000
0.000000
-0.025640
-0.035240
-0.044550
-0.053260
-0.061270
-0.068580
0.000000
0.000000
0.000000
0.000000
-0.025710
-0.035330
-0.044660
-0.053380
-0.061400
-0.068720
0.000000
0.000000
0.000000
0.000000
-0.025780
-0.035420
-0.044760
-0.053500
-0.061540
-0.068860
0.000000
0.000000
0.000000
0.000000
-0.025850
-0.035510
-0.044870
-0.053630
-0.061670
-0.069000
0.000000
0.000000
0.000000
0.000000
-0.025930
-0.035610
-0.044980
-0.053750
-0.061800
-0.069150
0.000000
0.000000
0.000000
0.000000
-0.026000
-0.035700
-0.045090
-0.053870
-0.061940
-0.069290
0.000000
0.000000
0.000000
0.000000
-0.026070
-0.035790
-0.045200
-0.053990
-0.062070
-0.069430
0.000000
0.000000
0.000000
0.000000
-0.026140
-0.035880
-0.045300
-0.054110
-0.062200
-0.069580
0.000000
0.000000
0.000000
0.000000
-0.026210
-0.035970
-0.045410
-0.054240
-0.062340
-0.069720
0.000000
0.000000
0.000000
0.000000
-0.026280
-0.036060
-0.045520
-0.054360
-0.062470
-0.069860
0.000000
0.000000
0.000000
0.000000
-0.026360
-0.036160
-0.045630
-0.054480
-0.062600
-0.070000
0.000000
0.000000
0.000000
0.000000
-0.026430
-0.036250
-0.045740
-0.054600
-0.062740
-0.070150
0.000000
0.000000
0.000000
0.000000
-0.026500
-0.036340
-0.045850
-0.054720
-0.062870
-0.070290
0.000000
0.000000
0.000000
0.000000
-0.026570
-0.036430
-0.045950
-0.054850
-0.063000
-0.070430
0.000000
0.000000
0.000000
0.000000
-0.026650
-0.036520
-0.046060
-0.054970
-0.063140
-0.070570
0.000000
0.000000
0.000000
0.000000
-0.026720
-0.036620
-0.046170
-0.055090
-0.063270
-0.070720
0.000000
0.000000
0.000000
0.000000
-0.026790
-0.036710
-0.046280
-0.055210
-0.063400
-0.070860
0.000000
0.000000
0.000000
0.000000
-0.026860
-0.036800
-0.046390
-0.055340
-0.063540
-0.071000
0.000000
0.000000
0.000000
0.000000
-0.026940
-0.036890
-0.046500
-0.055460
-0.063670
-0.071150
0.000000
0.000000
0.000000
0.000000
-0.027010
-0.036980
-0.046610
-0.055580
-0.063800
-0.071290
0.000000
0.000000
0.000000
0.000000
-0.027080
-0.037080
-0.046720
-0.055700
-0.063940
-0.071430
0.000000
0.000000
0.000000
0.000000
-0.027150
-0.037170
-0.046830
-0.055830
-0.064070
-0.071580
0.000000
0.000000
0.000000
0.000000
-0.027230
-0.037260
-0.046940
-0.055950
-0.064210
-0.071720
0.000000
0.000000
0.000000
0.000000
-0.027300
-0.037360
-0.047050
-0.056070
-0.064340
-0.071860
0.000000
0.000000
0.000000
0.000000
-0.027370
-0.037450
-0.047150
-0.056190
-0.064470
-0.072010
0.000000
0.000000
0.000000
0.000000
-0.027450
-0.037540
-0.047260
-0.056320
-0.064610
-0.072150
0.000000
0.000000
0.000000
0.000000
-0.027520
-0.037630
-0.047370
-0.056440
-0.064740
-0.072290
0.000000
0.000000
0.000000
0.000000
-0.027590
-0.037730
-0.047480
-0.056560
-0.064880
-0.072440
0.000000
0.000000
0.000000
0.000000
-0.027670
-0.037820
-0.047590
-0.056690
-0.065010
-0.072580
0.000000
0.000000
0.000000
0.000000
-0.027740
-0.037910
-0.047700
-0.056810
-0.065150
-0.072720
0.000000
0.000000
0.000000
0.000000
-0.027810
-0.038010
-0.047810
-0.056930
-0.065280
-0.072870
0.000000
0.000000
0.000000
0.000000
-0.027890
-0.038100
-0.047920
-0.057060
-0.065420
-0.073010
0.000000
0.000000
0.000000
0.000000
-0.027960
-0.038190
-0.048030
-0.057180
-0.065550
-0.073160
0.000000
0.000000
0.000000
0.000000
-0.028030
-0.038290
-0.048140
-0.057300
-0.065680
-0.073300
0.000000
0.000000
0.000000
0.000000
-0.028110
-0.038380
-0.048250
-0.057430
-0.065820
-0.073440
0.000000
0.000000
0.000000
0.000000
-0.028180
-0.038480
-0.048360
-0.057550
-0.065950
-0.073590
0.000000
0.000000
0.000000
0.000000
-0.028260
-0.038570
-0.048470
-0.057680
-0.066090
-0.073730
0.000000
0.000000
0.000000
0.000000
-0.028330
-0.038660
-0.048580
-0.057800
-0.066220
-0.073880
0.000000
0.000000
0.000000
0.000000
-0.028400
-0.038760
-0.048690
-0.057920
-0.066360
-0.074020
0.000000
0.000000
0.000000
0.000000
-0.028480
-0.038850
-0.048800
-0.058050
-0.066490
-0.074160
0.000000
0.000000
0.000000
0.000000
-0.028550
-0.038950
-0.048910
-0.058170
-0.066630
-0.074310
0.000000
0.000000
0.000000
0.000000
-0.028630
-0.039040
-0.049030
-0.058290
-0.066760
-0.074450
0.000000
0.000000
0.000000
0.000000
-0.028700
-0.039130
-0.049140
-0.058420
-0.066900
-0.074600
0.000000
0.000000
0.000000
0.000000
-0.028780
-0.039230
-0.049250
-0.058540
-0.067030
-0.074740
0.000000
0.000000
0.000000
0.000000
-0.028850
-0.039320
-0.049360
-0.058670
-0.067170
-0.074880
0.000000
0.000000
0.000000
0.000000
-0.028930
-0.039420
-0.049470
-0.058790
-0.067300
-0.075030
0.000000
0.000000
0.000000
0.000000
-0.029000
-0.039510
-0.049580
-0.058910
-0.067440
-0.075170
0.000000
0.000000
0.000000
0.000000
-0.027630
-0.037810
-0.047620
-0.056770
-0.065160
-0.072790
0.000000
0.000000
0.000000
0.000000
0.000000
0.000000
-0.017080
-0.021680
-0.026380
-0.031060
0.000000
0.000000
0.000000
0.000000
0.000000
0.000000
0.000000
0.000000
0.000000
-0.007370
0.000000
0.000000
0.000000
0.000000
0.000000
0.000000
0.000000
0.000000
0.000000
0.000000
0.000000
0.000000
0.000000
0.000000
0.000000
0.000000
0.000000
0.000000
0.000000
0.000000
0.000000
0.000000
0.000000
0.000000
0.000000
0.000000
0.000000
0.000000
0.008600
0.009890
0.000000
0.000000
0.000000
0.000000
0.000000
0.000000
0.011970
0.014590
0.017070
0.019370
0.000000
0.000000
0.000000
0.000000
0.000000
0.014510
0.018490
0.022250
0.025720
0.028850
0.000000
0.000000
0.000000
0.000000
0.000000
0.019730
0.024740
0.029370
0.033540
0.037230
0.000000
0.000000
0.000000
0.000000
0.016760
0.022850
0.028630
0.033920
0.038630
0.042750
0.000000
0.000000
0.000000
0.000000
0.018730
0.025360
0.031610
0.037260
0.042250
0.046590
0.000000
0.000000
0.000000
0.000000
0.000000
0.018890
0.023780
0.028320
0.032440
0.036100
0.000000
0.000000
0.000000
0.000000
0.000000
0.015250
0.019430
0.023390
0.027040
0.030340
0.000000
0.000000
0.000000
0.000000
0.000000
0.013950
0.017860
0.021600
0.025070
0.028230
0.000000
0.000000
0.000000
0.000000
0.000000
0.000000
0.015740
0.019060
0.022160
0.025020
0.000000
0.000000
0.000000
0.000000
0.000000
0.000000
0.000000
0.012530
0.014760
0.016880
0.000000
0.000000
0.000000
0.000000
0.000000
0.000000
0.015590
0.018910
0.022030
0.024900
0.000000
0.000000
0.000000
0.000000
0.000000
0.015360
0.019620
0.023670
0.027430
0.030840
0.000000
0.000000
0.000000
0.000000
0.000000
0.017890
0.022680
0.027180
0.031300
0.035010
0.000000
0.000000
0.000000
0.000000
0.000000
0.019070
0.024090
0.028800
0.033090
0.036950
0.000000
0.000000
0.000000
0.000000
0.000000
0.018980
0.024000
0.028720
0.033030
0.036910
0.000000
0.000000
0.000000
0.000000
0.000000
0.017860
0.022690
0.027250
0.031460
0.035260
0.000000
0.000000
0.000000
0.000000
0.000000
0.016010
0.020490
0.024770
0.028760
0.032400
0.000000
0.000000
0.000000
0.000000
0.000000
0.013740
0.017750
0.021640
0.025320
0.028730
0.000000
0.000000
0.000000
0.000000
0.000000
0.000000
0.015310
0.018730
0.022000
0.025080
0.000000
0.000000
0.000000
0.000000
0.000000
0.000000
0.000000
0.000000
0.010820
0.012640
0.000000
0.000000
0.000000
0.000000
0.000000
0.000000
0.000000
0.000000
0.000000
0.008660
0.000000
0.000000
0.000000
0.000000
0.000000
0.000000
0.000000
0.000000
0.000000
0.008120
0.000000
0.000000
0.000000
0.000000
0.000000
0.000000
0.000000
0.000000
0.000000
0.000000
0.000000
0.000000
0.000000
0.000000
0.000000
0.000000
0.000000
0.000000
0.000000
0.000000
0.000000
0.000000
0.000000
0.000000
0.000000
0.000000
0.000000
0.000000
0.000000
0.000000
0.000000
0.000000
0.000000
0.000000
0.000000
0.000000
0.000000
0.000000
0.000000
0.000000
0.000000
0.000000
0.000000
0.000000
0.000000
0.000000
0.000000
0.000000
0.000000
0.000000
0.000000
0.000000
0.000000
0.000000
0.000000
0.000000
0.000000
0.000000
0.000000
0.000000
0.000000
0.000000
0.000000
0.000000
0.000000
0.000000
0.000000
0.000000
0.000000
0.000000
0.000000
0.000000
0.000000
0.000000
0.000000
0.000000
0.000000
0.000000
0.000000
0.000000
0.000000
0.000000
0.000000
0.000000
0.000000
0.000000
0.000000
0.000000
0.000000
0.000000
0.000000
0.000000
0.000000
0.000000
0.000000
0.000000
0.000000
0.000000
0.000000
0.000000
0.000000
0.000000
0.000000
0.000000
0.000000
0.000000
0.000000
0.000000
0.000000
0.000000
0.000000
0.000000
0.000000
0.000000
0.000000
0.000000
0.000000
0.000000
0.000000
0.000000
0.000000
0.000000
0.000000
0.000000
0.000000
0.000000
0.000000
0.000000
0.000000
0.000000
0.000000
0.000000
0.000000
0.000000
0.000000
0.000000
0.000000
0.000000
0.000000
0.000000
0.000000
0.000000
0.000000
0.000000
0.000000
0.000000
0.000000
0.000000
0.000000
0.000000
0.000000
0.000000
0.000000
0.000000
0.000000
0.000000
0.000000
0.000000
0.000000
0.000000
0.000000
0.000000
0.000000
0.000000
0.000000
0.000000
0.000000
0.000000
0.000000
0.000000
0.000000
0.000000
0.000000
0.000000
0.000000
0.000000
0.000000
0.000000
0.000000
0.000000
0.000000
0.000000
0.000000
0.000000
0.000000
0.000000
0.000000
0.000000
0.000000
0.000000
0.000000
0.000000
0.000000
0.000000
0.000000
0.000000
0.000000
0.000000
0.000000
0.000000
0.000000
0.000000
0.000000
0.000000
0.000000
0.000000
0.000000
0.000000
0.000000
0.000000
0.000000
0.000000
0.000000
0.000000
0.000000
0.000000
0.000000
0.000000
0.000000
0.000000
0.000000
0.000000
0.000000
0.000000
0.000000
0.000000
0.000000
0.000000
0.000000
0.000000
0.000000
0.000000
0.000000
0.000000
0.000000
0.000000
0.000000
0.000000
0.000000
0.000000
0.000000
0.000000
0.000000
0.000000
0.000000
0.000000
0.000000
0.000000
0.000000
0.000000
0.000000
0.000000
0.000000
0.000000
0.000000
0.000000
0.000000
0.000000
0.000000
0.000000
0.000000
0.000000
0.000000
0.000000
0.000000
0.000000
0.000000
0.000000
0.000000
0.000000
0.000000
0.000000
0.000000
0.000000
0.000000
0.000000
0.000000
0.000000
0.000000
0.000000
0.000000
0.000000
0.000000
0.000000
0.000000
0.000000
0.000000
0.000000
0.000000
0.000000
0.000000
0.000000
0.000000
0.000000
0.000000
0.000000
0.000000
0.000000
0.000000
0.000000
0.000000
0.000000
0.000000
0.000000
0.000000
0.000000
0.000000
0.000000
0.000000
0.000000
0.000000
0.000000
0.000000
0.000000
0.000000
0.000000
0.000000
0.000000
0.000000
0.000000
0.000000
0.000000
0.000000
0.000000
0.000000
0.000000
0.000000
0.000000
0.000000
0.000000
0.000000
0.000000
0.000000
0.000000
0.000000
0.000000
0.000000
0.000000
0.000000
0.000000
0.000000
0.000000
0.000000
0.000000
0.000000
0.000000
0.000000
0.000000
0.000000
0.000000
0.000000
0.000000
0.000000
0.000000
0.000000
0.000000
0.000000
0.000000
0.000000
0.000000
0.000000
0.000000
0.000000
0.000000
0.000000
0.000000
0.000000
0.000000
0.000000
0.000000
0.000000
0.000000
0.000000
0.000000
0.000000
0.000000
0.000000
0.000000
0.000000
0.000000
0.000000
0.000000
0.000000
0.000000
0.000000
0.000000
0.000000
0.000000
0.000000
0.000000
0.000000
0.000000
0.000000
0.000000
0.000000
0.000000
0.000000
0.000000
0.000000
0.000000
0.000000
0.000000
0.000000
0.000000
0.000000
0.000000
0.000000
0.000000
0.000000
0.000000
0.000000
0.000000
0.000000
0.000000
0.000000
0.000000
0.000000
0.000000
0.000000
0.000000
0.000000
0.000000
0.000000
0.000000
0.000000
0.000000
0.000000
0.000000
0.000000
0.000000
0.000000
0.000000
0.000000
0.000000
0.000000
0.000000
0.000000
0.000000
0.000000
0.000000
0.000000
0.000000
0.000000
0.000000
0.000000
0.000000
0.000000
0.000000
0.000000
0.000000
0.000000
0.000000
0.000000
0.000000
0.000000
0.000000
0.000000
0.000000
0.000000
0.000000
0.000000
0.000000
0.000000
0.000000
0.000000
0.000000
0.000000
0.000000
0.000000
0.000000
0.000000
0.000000
0.000000
0.000000
0.000000
0.000000
0.000000
0.000000
0.000000
0.000000
0.000000
0.000000
0.000000
0.000000
0.000000
0.000000
0.000000
0.000000
0.000000
0.000000
0.000000
0.000000
0.000000
0.000000
0.000000
0.000000
0.000000
0.000000
0.000000
0.000000
0.000000
0.000000
0.000000
0.000000
0.000000
0.000000
0.000000
0.000000
0.000000
0.000000
0.000000
0.000000
0.000000
0.000000
0.000000
0.000000
0.000000
0.000000
0.000000
0.000000
0.000000
0.000000
0.000000
0.000000
0.000000
0.000000
0.000000
0.000000
0.000000
0.000000
0.000000
0.000000
0.000000
0.000000
0.000000
0.000000
0.000000
0.000000
0.000000
0.000000
0.000000
0.000000
0.000000
0.000000
0.000000
0.000000
0.000000
0.000000
0.000000
0.000000
0.000000
0.000000
0.000000
0.000000
0.000000
0.000000
0.000000
0.000000
0.000000
0.000000
0.000000
0.000000
0.000000
0.000000
0.000000
0.000000
0.000000
0.000000
0.000000
0.000000
0.000000
0.000000
0.000000
0.000000
0.000000
0.000000
0.000000
0.000000
0.000000
0.000000
0.000000
0.000000
0.000000
0.000000
0.000000
0.000000
0.000000
0.000000
0.000000
0.000000
0.000000
0.000000
0.000000
0.000000
0.000000
0.000000
0.000000
0.000000
0.000000
0.000000
0.000000
0.000000
0.000000
0.000000
0.000000
0.000000
0.000000
0.000000
0.000000
0.000000
0.000000
0.000000
0.000000
0.000000
0.000000
0.000000
0.000000
0.000000
0.000000
0.000000
0.000000
0.000000
0.000000
0.000000
0.000000
0.000000
0.000000
0.000000
0.000000
0.000000
0.000000
0.000000
0.000000
0.000000
0.000000
0.000000
0.000000
0.000000
0.000000
0.000000
0.000000
0.000000
0.000000
0.000000
0.000000
0.000000
0.000000
0.000000
0.000000
0.000000
0.000000
0.000000
0.000000
0.000000
0.000000
0.000000
0.000000
0.000000
0.000000
0.000000
0.000000
0.000000
0.000000
0.000000
0.000000
0.000000
0.000000
0.000000
0.000000
0.000000
0.000000
0.000000
0.000000
0.000000
0.000000
0.000000
0.000000
0.000000
0.000000
0.000000
0.000000
0.000000
0.000000
0.000000
0.000000
0.000000
0.000000
0.000000
0.000000
0.000000
0.000000
0.000000
0.000000
0.000000
0.000000
0.000000
0.000000
0.000000
0.000000
0.000000
0.000000
0.000000
0.000000
0.000000
0.000000
0.000000
0.000000
0.000000
0.000000
0.000000
0.000000
0.000000
0.000000
0.000000
0.000000
0.000000
0.000000
0.000000
0.000000
0.000000
0.000000
0.000000
0.000000
0.000000
0.000000
0.000000
0.000000
0.000000
0.000000
0.000000
0.000000
0.000000
0.000000
0.000000
0.000000
0.000000
0.000000
0.000000
0.000000
0.000000
0.000000
0.000000
0.000000
0.000000
0.000000
0.000000
0.000000
0.000000
0.000000
0.000000
0.000000
0.000000
0.000000
0.000000
0.000000
0.000000
0.000000
0.000000
0.000000
0.000000
0.000000
0.000000
0.000000
0.000000
0.000000
0.000000
0.000000
0.000000
0.000000
0.000000
0.000000
0.000000
0.000000
0.000000
0.000000
0.000000
0.000000
0.000000
0.000000
0.000000
0.000000
0.000000
0.000000
0.000000
0.000000
0.000000
0.000000
0.000000
0.000000
0.000000
0.000000
0.000000
0.000000
0.000000
0.000000
0.000000
0.000000
0.000000
0.000000
0.000000
0.000000
0.000000
0.000000
0.000000
0.000000
0.000000
0.000000
0.000000
0.000000
0.000000
0.000000
0.000000
0.000000
0.000000
0.000000
0.000000
0.000000
0.000000
0.000000
0.000000
0.000000
0.000000
0.000000
0.000000
0.000000
0.000000
0.000000
0.000000
0.000000
0.000000
0.000000
0.000000
0.000000
0.000000
0.000000
0.000000
0.000000
0.000000
0.000000
0.000000
0.000000
0.000000
0.000000
0.000000
0.000000
0.000000
0.000000
0.000000
0.000000
0.000000
0.000000
0.000000
0.000000
0.000000
0.000000
0.000000
0.000000
0.000000
0.000000
0.000000
0.000000
0.000000
0.000000
0.000000
0.000000
0.000000
0.000000
0.000000
0.000000
0.000000
0.000000
0.000000
0.000000
0.000000
0.000000
0.000000
0.000000
0.000000
0.000000
0.000000
0.000000
0.000000
0.000000
0.000000
0.000000
0.000000
0.000000
0.000000
0.000000
0.000000
0.000000
0.000000
0.000000
0.000000
0.000000
0.000000
0.000000
0.000000
0.000000
0.000000
0.000000
0.000000
0.000000
0.000000
0.000000
0.000000
0.000000
0.000000
0.000000
0.000000
0.000000
0.000000
0.000000
0.000000
0.000000
0.000000
0.000000
0.000000
0.000000
0.000000
0.000000
0.000000
0.000000
0.000000
0.000000
0.000000
0.000000
0.000000
0.000000
0.000000
0.000000
0.000000
0.000000
0.000000
0.000000
0.000000
0.000000
0.000000
0.000000
0.000000
0.000000
0.000000
0.000000
0.000000
0.000000
0.000000
0.000000
0.000000
0.000000
0.000000
0.000000
0.000000
0.000000
0.000000
0.000000
0.000000
0.000000
0.000000
0.000000
0.000000
0.000000
0.000000
0.000000
0.000000
0.000000
0.000000
0.000000
0.000000
0.000000
0.000000
0.000000
0.000000
0.000000
0.000000
0.000000
0.000000
0.000000
0.000000
0.000000
0.000000
0.000000
0.000000
0.000000
0.000000
0.000000
0.000000
0.000000
0.000000
0.000000
0.000000
0.000000
0.000000
0.000000
0.000000
0.000000
0.000000
0.000000
0.000000
0.000000
0.000000
0.000000
0.000000
0.000000
0.000000
0.000000
0.000000
0.000000
0.000000
0.000000
0.000000
0.000000
0.000000
0.000000
0.000000
0.000000
0.000000
0.000000
0.000000
0.000000
0.000000
0.000000
0.000000
0.000000
0.000000
0.000000
0.000000
0.000000
0.000000
0.000000
0.000000
0.000000
0.000000
0.000000
0.000000
0.000000
0.000000
0.000000
0.000000
0.000000
0.000000
0.000000
0.000000
0.000000
0.000000
0.000000
0.000000
0.000000
0.000000
0.000000
0.000000
0.000000
0.000000
0.000000
0.000000
0.000000
0.000000
0.000000
0.000000
0.000000
0.000000
0.000000
0.000000
0.000000
0.000000
0.000000
0.000000
0.000000
0.000000
0.000000
0.000000
0.000000
0.000000
0.000000
0.000000
0.000000
0.000000
0.000000
0.000000
0.000000
0.000000
0.000000
0.000000
0.000000
0.000000
0.000000
0.000000
0.000000
0.000000
0.000000
0.000000
0.000000
0.000000
0.000000
0.000000
0.000000
0.000000
0.000000
0.000000
0.000000
0.000000
0.000000
0.000000
0.000000
0.000000
0.000000
0.000000
0.000000
0.000000
0.000000
0.000000
0.000000
0.000000
0.000000
0.000000
0.000000
0.000000
0.000000
0.000000
0.000000
0.000000
0.000000
0.000000
0.000000
0.000000
0.000000
0.000000
0.000000
0.000000
0.000000
0.000000
0.000000
0.000000
0.000000
0.000000
0.000000
0.000000
0.000000
0.000000
0.000000
0.000000
0.000000
0.000000
0.000000
0.000000
0.000000
0.000000
0.000000
0.000000
0.000000
0.000000
0.000000
0.000000
0.000000
0.000000
0.000000
0.000000
0.000000
0.000000
0.000000
0.000000
0.000000
0.000000
0.000000
0.000000
0.000000
0.000000
0.000000
0.000000
0.000000
0.000000
0.000000
0.000000
0.000000
0.000000
0.000000
0.000000
0.000000
0.000000
0.000000
0.000000
0.000000
0.000000
0.000000
0.000000
0.000000
0.000000
0.000000
0.000000
0.000000
0.000000
0.000000
0.000000
0.000000
0.000000
0.000000
0.000000
0.000000
0.000000
0.000000
0.000000
0.000000
0.000000
0.000000
0.000000
0.000000
0.000000
0.000000
0.000000
0.000000
0.000000
0.000000
0.000000
0.000000
0.000000
0.000000
0.000000
0.000000
0.000000
0.000000
0.000000
0.000000
0.000000
0.000000
0.000000
0.000000
0.000000
0.000000
0.000000
0.000000
0.000000
0.000000
0.000000
0.000000
0.000000
0.000000
0.000000
0.000000
0.000000
0.000000
0.000000
0.000000
0.000000
0.000000
0.000000
0.000000
0.000000
0.000000
0.000000
0.000000
0.000000
0.000000
0.000000
0.000000
0.000000
0.000000
0.000000
0.000000
0.000000
0.000000
0.000000
0.000000
0.000000
0.000000
0.000000
0.000000
0.000000
0.000000
0.000000
0.000000
0.000000
0.000000
0.000000
0.000000
0.000000
0.000000
0.000000
0.000000
0.000000
0.000000
0.000000
0.000000
0.000000
0.000000
0.000000
0.000000
0.000000
0.000000
0.000000
0.000000
0.000000
0.000000
0.000000
0.000000
0.000000
0.000000
0.000000
0.000000
0.000000
0.000000
0.000000
0.000000
0.000000
0.000000
0.000000
0.000000
0.000000
0.000000
0.000000
0.000000
0.000000
0.000000
0.000000
0.000000
0.000000
0.000000
0.000000
0.000000
0.000000
0.000000
0.000000
0.000000
0.000000
0.000000
0.000000
0.000000
0.000000
0.000000
0.000000
0.000000
0.000000
0.000000
0.000000
0.000000
0.000000
0.000000
0.000000
0.000000
0.000000
0.000000
0.000000
0.000000
0.000000
0.000000
0.000000
0.000000
0.000000
0.000000
0.000000
0.000000
0.000000
0.000000
0.000000
0.000000
0.000000
0.000000
0.000000
0.000000
0.000000
0.000000
0.000000
0.000000
0.000000
0.000000
0.000000
0.000000
0.000000
0.000000
0.000000
0.000000
0.000000
0.000000
0.000000
0.000000
0.000000
0.000000
0.000000
0.000000
0.000000
0.000000
0.000000
0.000000
0.000000
0.000000
0.000000
0.000000
0.000000
0.000000
0.000000
0.000000
0.000000
0.000000
0.000000
0.000000
0.000000
0.000000
0.000000
0.000000
0.000000
0.000000
0.000000
0.000000
0.000000
0.000000
0.000000
0.000000
0.000000
0.000000
0.000000
0.000000
0.000000
0.000000
0.000000
0.000000
0.000000
0.000000
0.000000
0.000000
0.000000
0.000000
0.000000
0.000000
0.000000
0.000000
0.000000
0.000000
0.000000
0.000000
0.000000
0.000000
0.000000
0.000000
0.000000
0.000000
0.000000
0.000000
0.000000
0.000000
0.000000
0.000000
0.000000
0.000000
0.000000
0.000000
0.000000
0.000000
0.000000
0.000000
0.000000
0.000000
0.000000
0.000000
0.000000
0.000000
0.000000
0.000000
0.000000
0.000000
0.000000
0.000000
0.000000
0.000000
0.000000
0.000000
0.000000
0.000000
0.000000
0.000000
0.000000
0.000000
0.000000
0.000000
0.000000
0.000000
0.000000
0.000000
0.000000
0.000000
0.000000
0.000000
0.000000
0.000000
0.000000
0.000000
0.000000
0.000000
0.000000
0.000000
0.000000
0.000000
0.000000
0.000000
0.000000
0.000000
0.000000
0.000000
0.000000
0.000000
0.000000
0.000000
0.000000
0.000000
0.000000
0.000000
0.000000
0.000000
0.000000
0.000000
0.000000
0.000000
0.000000
0.000000
0.000000
0.000000
0.000000
0.000000
0.000000
0.000000
0.000000
0.000000
0.000000
0.000000
0.000000
0.000000
0.000000
0.000000
0.000000
0.000000
0.000000
0.000000
0.000000
0.000000
0.000000
0.000000
0.000000
0.000000
0.000000
0.000000
0.000000
0.000000
0.000000
0.000000
0.000000
0.000000
0.000000
0.000000
0.000000
0.000000
0.000000
0.000000
0.000000
0.000000
0.000000
0.000000
0.000000
0.000000
0.000000
0.000000
0.000000
0.000000
0.000000
0.000000
0.000000
0.000000
0.000000
0.000000
0.000000
0.000000
0.000000
0.000000
0.000000
0.000000
0.000000
0.000000
0.000000
0.000000
0.000000
0.000000
0.000000
0.000000
0.000000
0.000000
0.000000
0.000000
0.000000
0.000000
0.000000
0.000000
0.000000
0.000000
0.000000
0.000000
0.000000
0.000000
0.000000
0.000000
0.000000
0.000000
0.000000
0.000000
0.000000
0.000000
0.000000
0.000000
0.000000
0.000000
0.000000
0.000000
0.000000
0.000000
0.000000
0.000000
0.000000
0.000000
0.000000
0.000000
0.000000
0.000000
0.000000
0.000000
0.000000
0.000000
0.000000
0.000000
0.000000
0.000000
0.000000
0.000000
0.000000
0.000000
0.000000
0.000000
0.000000
0.000000
0.000000
0.000000
0.000000
0.000000
0.000000
0.000000
-0.006670
0.000000
0.000000
0.000000
0.000000
0.000000
0.000000
0.000000
0.000000
0.000000
-0.008010
0.000000
0.000000
0.000000
0.000000
0.000000
0.000000
0.000000
0.000000
-0.007820
-0.009100
0.000000
0.000000
0.000000
0.000000
0.000000
0.000000
0.000000
0.000000
-0.008890
-0.010310
0.000000
0.000000
0.000000
0.000000
0.000000
0.000000
0.000000
0.000000
-0.009870
-0.011400
0.000000
0.000000
0.000000
0.000000
0.000000
0.000000
0.000000
0.000000
-0.010720
-0.012350
0.000000
0.000000
0.000000
0.000000
0.000000
0.000000
0.000000
-0.009310
-0.011100
-0.012810
0.000000
0.000000
0.000000
0.000000
0.000000
0.000000
0.000000
-0.009740
-0.011590
-0.013360
0.000000
0.000000
0.000000
0.000000
0.000000
0.000000
0.000000
-0.010000
-0.011890
-0.013700
0.000000
0.000000
0.000000
0.000000
0.000000
0.000000
0.000000
-0.010110
-0.012010
-0.013830
0.000000
0.000000
0.000000
0.000000
0.000000
0.000000
0.000000
-0.010050
-0.011940
-0.013760
0.000000
0.000000
0.000000
0.000000
0.000000
0.000000
0.000000
-0.009830
-0.011690
-0.013490
0.000000
0.000000
0.000000
0.000000
0.000000
0.000000
0.000000
-0.009470
-0.011290
-0.013030
0.000000
0.000000
0.000000
0.000000
0.000000
0.000000
0.000000
-0.008990
-0.010740
-0.012420
0.000000
0.000000
0.000000
0.000000
0.000000
0.000000
0.000000
0.000000
-0.010340
-0.011940
0.000000
0.000000
0.000000
0.000000
0.000000
0.000000
0.000000
0.000000
-0.009550
-0.011060
0.000000
0.000000
0.000000
0.000000
0.000000
0.000000
0.000000
0.000000
-0.008680
-0.010090
0.000000
0.000000
0.000000
0.000000
0.000000
0.000000
0.000000
0.000000
-0.007780
-0.009070
0.000000
0.000000
0.000000
0.000000
0.000000
0.000000
0.000000
0.000000
0.000000
-0.008230
0.000000
0.000000
0.000000
0.000000
0.000000
0.000000
0.000000
0.000000
0.000000
-0.007170
0.000000
0.000000
0.000000
0.000000
0.000000
0.000000
0.000000
0.000000
0.000000
0.000000
0.000000
0.000000
0.000000
0.000000
0.000000
0.000000
0.000000
0.000000
0.000000
0.000000
0.000000
0.000000
0.000000
0.000000
0.000000
0.000000
0.000000
0.000000
0.000000
0.000000
0.000000
0.000000
0.000000
0.000000
0.000000
0.000000
0.000000
0.000000
0.000000
0.000000
0.000000
0.000000
0.000000
0.000000
0.000000
0.000000
0.000000
0.000000
0.000000
0.000000
0.000000
0.000000
0.000000
0.000000
0.000000
0.000000
0.000000
0.000000
0.000000
0.000000
0.000000
0.000000
0.000000
0.000000
0.000000
0.000000
0.000000
0.000000
0.000000
0.000000
0.000000
0.000000
0.000000
0.000000
0.000000
0.000000
0.000000
0.000000
0.000000
0.000000
0.000000
0.000000
0.000000
0.000000
0.000000
0.000000
0.000000
0.000000
0.000000
0.000000
0.000000
0.000000
0.000000
0.000000
0.000000
0.000000
0.000000
0.000000
0.000000
0.000000
0.000000
0.000000
0.000000
0.000000
0.000000
0.000000
0.000000
0.000000
0.000000
0.000000
0.000000
0.000000
0.000000
0.000000
0.000000
0.000000
0.000000
0.000000
0.000000
0.000000
0.000000
0.000000
0.000000
0.000000
0.000000
0.000000
0.000000
0.000000
0.000000
0.000000
0.000000
0.000000
0.000000
0.000000
0.000000
0.000000
0.000000
0.000000
0.000000
0.000000
0.000000
0.000000
0.000000
0.000000
0.000000
0.000000
0.000000
0.000000
0.000000
0.000000
0.000000
0.000000
0.000000
0.000000
0.000000
0.000000
0.000000
0.000000
0.000000
0.000000
0.000000
0.000000
0.000000
0.000000
0.000000
0.000000
0.000000
0.000000
0.000000
0.000000
0.000000
0.000000
0.000000
0.000000
0.000000
0.000000
0.000000
0.000000
0.000000
0.000000
0.000000
0.000000
0.000000
0.000000
0.000000
0.000000
0.000000
0.000000
0.000000
0.000000
0.000000
0.000000
0.000000
0.000000
0.000000
0.000000
0.000000
0.000000
0.000000
0.000000
0.000000
0.000000
0.000000
0.000000
0.000000
0.000000
0.000000
0.000000
0.000000
0.000000
0.000000
0.000000
0.000000
0.000000
0.000000
0.000000
0.000000
0.000000
0.000000
0.000000
0.000000
0.000000
0.000000
0.000000
0.000000
0.000000
0.000000
0.000000
0.000000
0.000000
0.000000
0.000000
0.000000
0.000000
0.000000
0.000000
0.000000
0.000000
0.000000
0.000000
0.000000
0.000000
0.000000
0.000000
0.000000
0.000000
0.000000
0.000000
0.000000
0.000000
0.000000
0.000000
0.000000
0.000000
0.000000
0.000000
0.000000
0.000000
0.000000
0.000000
0.000000
0.000000
0.000000
0.000000
0.000000
0.000000
0.000000
0.000000
0.000000
0.000000
0.000000
0.000000
0.000000
0.000000
0.000000
0.000000
0.000000
0.000000
0.000000
0.000000
0.000000
0.000000
0.000000
0.000000
0.000000
0.000000
0.000000
0.000000
0.000000
0.000000
0.000000
0.000000
0.000000
0.000000
0.000000
0.000000
0.000000
0.000000
0.000000
0.000000
0.000000
0.000000
0.000000
0.000000
0.000000
0.000000
0.000000
0.000000
0.000000
0.000000
0.000000
0.000000
0.000000
0.000000
0.000000
0.000000
0.000000
0.000000
0.000000
0.000000
0.000000
0.000000
0.000000
0.000000
0.000000
0.000000
0.000000
0.000000
0.000000
0.000000
0.000000
0.000000
0.000000
0.000000
0.000000
0.000000
0.000000
0.000000
0.000000
0.000000
0.000000
0.000000
0.000000
0.000000
0.000000
0.000000
0.000000
0.000000
0.000000
0.000000
0.000000
0.000000
0.000000
0.000000
0.000000
0.000000
0.000000
0.000000
0.000000
0.000000
0.000000
0.000000
0.000000
0.000000
0.000000
0.000000
0.000000
0.000000
0.000000
0.000000
0.000000
0.000000
0.000000
0.000000
0.000000
0.000000
0.000000
0.000000
0.000000
0.000000
0.000000
0.000000
0.000000
0.000000
0.000000
0.000000
0.000000
0.000000
0.000000
0.000000
0.000000
0.000000
0.000000
0.000000
0.000000
0.000000
0.000000
0.000000
0.000000
0.000000
0.000000
0.000000
0.000000
0.000000
0.000000
0.000000
0.000000
0.000000
0.000000
0.000000
0.000000
0.000000
0.000000
0.000000
0.000000
0.000000
0.000000
0.000000
0.000000
0.000000
0.000000
0.000000
0.000000
0.000000
0.000000
0.000000
0.000000
0.000000
0.000000
0.000000
0.000000
0.000000
0.000000
0.000000
0.000000
0.000000
0.000000
0.000000
0.000000
0.000000
0.000000
0.000000
0.000000
0.000000
0.000000
0.000000
0.000000
0.000000
0.000000
0.000000
0.000000
0.000000
0.000000
0.000000
0.000000
0.000000
0.000000
0.000000
0.000000
0.000000
0.000000
0.000000
0.000000
0.000000
0.000000
0.000000
0.000000
0.000000
0.000000
0.000000
0.000000
0.000000
0.000000
0.000000
0.000000
0.000000
0.000000
0.000000
0.000000
0.000000
0.000000
0.000000
0.000000
0.000000
0.000000
0.000000
0.000000
0.000000
0.000000
0.000000
0.000000
0.000000
0.000000
0.000000
0.000000
0.000000
0.000000
0.000000
0.000000
0.000000
0.000000
0.000000
0.000000
0.000000
0.000000
0.000000
0.000000
0.000000
0.000000
0.000000
0.000000
0.000000
0.000000
0.000000
0.000000
0.000000
0.000000
0.000000
0.000000
0.000000
0.000000
0.000000
0.000000
0.000000
0.000000
0.000000
0.000000
0.000000
0.000000
0.000000
0.000000
0.000000
0.000000
0.000000
0.000000
0.000000
0.000000
0.000000
0.000000
0.000000
0.000000
0.000000
0.000000
0.000000
0.000000
0.000000
0.000000
0.000000
0.000000
0.000000
0.000000
0.000000
0.000000
0.000000
0.000000
0.000000
0.000000
0.000000
0.000000
0.000000
0.000000
0.000000
0.000000
0.000000
0.000000
0.000000
0.000000
0.000000
0.000000
0.000000
0.000000
0.000000
0.000000
0.000000
0.000000
0.000000
0.000000
0.000000
0.000000
0.000000
0.000000
0.000000
0.000000
0.000000
0.000000
0.000000
0.000000
0.000000
0.000000
0.000000
0.000000
0.000000
0.000000
0.000000
0.000000
0.000000
0.000000
0.000000
0.000000
0.000000
0.000000
0.000000
0.000000
0.000000
0.000000
0.000000
0.000000
0.000000
0.000000
0.000000
0.000000
0.000000
0.000000
0.000000
0.000000
0.000000
0.000000
0.000000
0.000000
0.000000
0.000000
0.000000
0.000000
0.000000
0.000000
0.000000
0.000000
0.000000
0.000000
0.000000
0.000000
0.000000
0.000000
0.000000
0.000000
0.000000
0.000000
0.000000
0.000000
0.000000
0.000000
0.000000
0.000000
0.000000
0.000000
0.000000
0.000000
0.000000
0.000000
0.000000
0.000000
0.000000
0.000000
0.000000
0.000000
0.000000
0.000000
0.000000
0.000000
0.000000
0.000000
0.000000
0.000000
0.000000
0.000000
0.000000
0.000000
0.000000
0.000000
0.000000
0.000000
0.000000
0.000000
0.000000
0.000000
0.000000
0.000000
0.000000
0.000000
0.000000
0.000000
0.000000
0.000000
0.000000
0.000000
0.000000
0.000000
0.000000
0.000000
0.000000
0.000000
0.000000
0.000000
0.000000
0.000000
0.000000
0.000000
0.000000
0.000000
0.000000
0.000000
0.000000
0.000000
0.000000
0.000000
0.000000
0.000000
0.000000
0.000000
0.000000
0.000000
0.000000
0.000000
0.000000
0.000000
0.000000
0.000000
0.000000
0.000000
0.000000
0.000000
0.000000
0.000000
0.000000
0.000000
0.000000
0.000000
0.000000
0.000000
0.000000
0.000000
0.000000
0.000000
0.000000
0.000000
0.000000
0.000000
0.000000
0.000000
0.000000
0.000000
0.000000
0.000000
0.000000
0.000000
0.000000
0.000000
0.000000
0.000000
0.000000
0.000000
0.000000
0.000000
0.000000
0.000000
0.000000
0.000000
0.000000
0.000000
0.000000
0.000000
0.000000
0.000000
0.000000
0.000000
0.000000
0.000000
0.000000
0.000000
0.000000
0.000000
0.000000
0.000000
0.000000
0.000000
0.000000
0.000000
0.000000
0.000000
0.000000
0.000000
0.000000
0.000000
0.000000
0.000000
0.000000
0.000000
0.000000
0.000000
0.000000
0.000000
0.000000
0.000000
0.000000
0.000000
0.000000
0.000000
0.000000
0.000000
0.000000
0.000000
0.000000
0.000000
0.000000
0.000000
0.000000
0.000000
0.000000
0.000000
0.000000
0.000000
0.000000
0.000000
0.000000
0.000000
0.000000
0.000000
0.000000
0.000000
0.000000
0.000000
0.000000
0.000000
0.000000
0.000000
0.000000
0.000000
0.000000
0.000000
0.000000
0.000000
0.000000
0.000000
0.000000
0.000000
0.000000
0.000000
0.000000
0.000000
0.000000
0.000000
0.000000
0.000000
0.000000
0.000000
0.000000
0.000000
0.000000
0.000000
0.000000
0.000000
0.000000
0.000000
0.000000
0.000000
0.000000
0.000000
0.000000
0.000000
0.000000
0.000000
0.000000
0.000000
0.000000
0.000000
0.000000
0.000000
0.000000
0.000000
0.000000
0.000000
0.000000
0.000000
0.000000
0.000000
0.000000
0.000000
0.000000
0.000000
0.000000
0.000000
0.000000
0.000000
0.000000
0.000000
0.000000
0.000000
0.000000
0.000000
0.000000
0.000000
0.000000
0.000000
0.000000
0.000000
0.000000
0.000000
0.000000
0.000000
0.000000
0.000000
0.000000
0.000000
0.000000
0.000000
0.000000
0.000000
0.000000
0.000000
0.000000
0.000000
0.000000
0.000000
0.000000
0.000000
0.000000
0.000000
0.000000
0.000000
0.000000
0.000000
0.000000
0.000000
0.000000
0.000000
0.000000
0.000000
0.000000
0.000000
0.000000
0.000000
0.000000
0.000000
0.000000
0.000000
0.000000
0.000000
0.000000
0.000000
0.000000
0.000000
0.000000
0.000000
0.000000
0.000000
0.000000
0.000000
0.000000
0.000000
0.000000
0.000000
0.000000
0.000000
0.000000
0.000000
0.000000
0.000000
0.000000
0.000000
0.000000
0.000000
0.000000
0.000000
0.000000
0.000000
0.000000
0.000000
0.000000
0.000000
0.000000
0.000000
0.000000
0.000000
0.000000
0.000000
0.000000
0.000000
0.000000
0.000000
0.000000
0.000000
0.000000
0.000000
0.000000
0.000000
0.000000
0.000000
0.000000
0.000000
0.000000
0.000000
0.000000
0.000000
0.000000
0.000000
0.000000
0.000000
0.000000
0.000000
0.000000
0.000000
0.000000
0.000000
0.000000
0.000000
0.000000
0.000000
0.000000
0.000000
0.000000
0.000000
0.000000
0.000000
0.000000
0.000000
0.000000
0.000000
0.000000
0.000000
0.000000
0.000000
0.000000
0.000000
0.000000
0.000000
0.000000
0.000000
0.000000
0.000000
0.000000
0.000000
0.000000
0.000000
0.000000
0.000000
0.000000
0.000000
0.000000
0.000000
0.000000
0.000000
0.000000
0.000000
0.000000
0.000000
0.000000
0.000000
0.000000
0.000000
0.000000
0.000000
0.000000
0.000000
0.000000
0.000000
0.000000
0.000000
0.000000
0.000000
0.000000
0.000000
0.000000
0.000000
0.000000
0.000000
0.000000
0.000000
0.000000
0.000000
0.000000
0.000000
0.000000
0.000000
0.000000
0.000000
0.000000
0.000000
0.000000
0.000000
0.000000
0.000000
0.000000
0.000000
0.000000
0.000000
0.000000
0.000000
0.000000
0.000000
0.000000
0.000000
0.000000
0.000000
0.000000
0.000000
0.000000
0.000000
0.000000
0.000000
0.000000
0.000000
0.000000
0.000000
0.000000
0.000000
0.000000
0.000000
0.000000
0.000000
0.000000
0.000000
0.000000
0.000000
0.000000
0.000000
0.000000
0.000000
0.000000
0.000000
0.000000
0.000000
0.000000
0.000000
0.000000
0.000000
0.000000
0.000000
0.000000
0.000000
0.000000
0.000000
0.000000
0.000000
0.000000
0.000000
0.000000
0.000000
0.000000
0.000000
0.000000
0.000000
0.000000
0.000000
0.000000
0.000000
0.000000
0.000000
0.000000
0.000000
0.000000
0.000000
0.000000
0.000000
0.000000
0.000000
0.000000
0.000000
0.000000
0.000000
0.000000
0.000000
0.000000
0.000000
0.000000
0.000000
0.000000
0.000000
0.000000
0.000000
0.000000
0.000000
0.000000
0.000000
0.000000
0.000000
0.000000
0.000000
0.000000
0.000000
0.000000
0.000000
0.000000
0.000000
0.000000
0.000000
0.000000
0.000000
0.000000
0.000000
0.000000
0.000000
0.000000
0.000000
0.000000
0.000000
0.000000
0.000000
0.000000
0.000000
0.000000
0.000000
0.000000
0.000000
0.000000
0.000000
0.000000
0.000000
0.000000
0.000000
0.000000
0.000000
0.000000
0.000000
0.000000
0.000000
0.000000
0.000000
0.000000
0.000000
0.000000
0.000000
0.000000
0.000000
0.000000
0.000000
0.000000
0.000000
0.000000
0.000000
0.000000
0.000000
0.000000
0.000000
0.000000
0.000000
0.000000
0.000000
0.000000
0.000000
0.000000
0.000000
0.000000
0.000000
0.000000
0.000000
0.000000
0.000000
0.000000
0.000000
0.000000
0.000000
0.000000
0.000000
0.000000
0.000000
0.000000
0.000000
0.000000
0.000000
0.000000
0.000000
0.000000
0.000000
0.000000
0.000000
0.000000
0.000000
0.000000
0.000000
0.000000
0.000000
0.000000
0.000000
0.000000
0.000000
0.000000
0.000000
0.000000
0.000000
0.000000
0.000000
0.000000
0.000000
0.000000
0.000000
0.000000
0.000000
0.000000
0.000000
0.000000
0.000000
0.000000
0.000000
0.000000
0.000000
0.000000
0.000000
0.000000
0.000000
0.000000
0.000000
0.000000
0.000000
0.000000
0.000000
0.000000
0.000000
0.000000
0.000000
0.000000
0.000000
0.000000
0.000000
0.000000
0.000000
0.000000
0.000000
0.000000
0.000000
0.000000
0.000000
0.000000
0.000000
0.000000
0.000000
0.000000
0.000000
0.000000
0.000000
0.000000
0.000000
0.000000
0.000000
0.000000
0.000000
0.000000
0.000000
0.000000
0.000000
0.000000
0.000000
0.000000
0.000000
0.000000
0.000000
0.000000
0.000000
0.000000
0.000000
0.000000
0.000000
0.000000
0.000000
0.000000
0.000000
0.000000
0.000000
0.000000
0.000000
0.000000
0.000000
0.000000
0.000000
0.000000
0.000000
0.000000
0.000000
0.000000
0.000000
0.000000
0.000000
0.000000
0.000000
0.000000
0.000000
0.000000
0.000000
0.000000
0.000000
0.000000
0.000000
0.000000
0.000000
0.000000
0.000000
0.000000
0.000000
0.000000
0.000000
0.000000
0.000000
0.000000
0.000000
0.000000
0.000000
0.000000
0.000000
0.000000
0.000000
0.000000
0.000000
0.000000
0.000000
0.000000
0.000000
0.000000
0.000000
0.000000
0.000000
0.000000
0.000000
0.000000
0.000000
0.000000
0.000000
0.000000
0.000000
0.000000
0.000000
0.000000
0.000000
0.000000
0.000000
0.000000
0.000000
0.000000
0.000000
0.000000
0.000000
0.000000
0.000000
0.000000
0.000000
0.000000
0.000000
0.000000
0.000000
0.000000
0.000000
0.000000
0.000000
0.000000
0.000000
0.000000
0.000000
0.000000
0.000000
0.000000
0.000000
0.000000
0.000000
0.000000
0.000000
0.000000
0.000000
0.000000
0.000000
0.000000
0.000000
0.000000
0.000000
0.000000
0.000000
0.000000
0.000000
0.000000
0.000000
0.000000
0.000000
0.000000
0.000000
0.000000
0.000000
0.000000
0.000000
0.000000
0.000000
0.000000
0.000000
0.000000
0.000000
0.000000
0.000000
0.000000
0.000000
0.000000
0.000000
0.000000
0.000000
0.000000
0.000000
0.000000
0.000000
0.000000
0.000000
0.000000
0.000000
0.000000
0.000000
0.000000
0.000000
0.000000
0.000000
0.000000
0.000000
0.000000
0.000000
0.000000
0.000000
0.000000
0.000000
0.000000
0.000000
0.000000
0.000000
0.000000
0.000000
0.000000
0.000000
0.000000
0.000000
0.000000
0.000000
0.000000
0.000000
0.000000
0.000000
0.000000
0.000000
0.000000
0.000000
0.000000
0.000000
0.000000
0.000000
0.000000
0.000000
0.000000
0.000000
0.000000
0.000000
0.000000
0.000000
0.000000
0.000000
0.000000
0.000000
0.000000
0.000000
0.000000
0.000000
0.000000
0.000000
0.000000
0.000000
0.000000
0.000000
0.000000
0.000000
0.000000
0.000000
0.000000
0.000000
0.000000
0.000000
0.000000
0.000000
0.000000
0.000000
0.000000
0.000000
0.000000
0.000000
0.000000
0.000000
0.000000
0.000000
0.000000
0.000000
0.000000
0.000000
0.000000
0.000000
0.000000
0.000000
0.000000
0.000000
0.000000
0.000000
0.000000
0.000000
0.000000
0.000000
0.000000
0.000000
0.000000
0.000000
0.000000
0.000000
0.000000
0.000000
0.000000
0.000000
0.000000
0.000000
0.000000
0.000000
0.000000
0.000000
0.000000
0.000000
0.000000
0.000000
0.000000
0.000000
0.000000
0.000000
0.000000
0.000000
0.000000
0.000000
0.000000
0.000000
0.000000
0.000000
0.000000
0.000000
0.000000
0.000000
0.000000
0.000000
0.000000
0.000000
0.000000
0.000000
0.000000
0.000000
0.000000
0.000000
0.000000
0.000000
0.000000
0.000000
0.000000
0.000000
0.000000
0.000000
0.000000
0.000000
0.000000
0.000000
0.000000
0.000000
0.000000
0.000000
0.000000
0.000000
0.000000
0.000000
0.000000
0.000000
0.000000
0.000000
0.000000
0.000000
0.000000
0.000000
0.000000
0.000000
0.000000
0.000000
0.000000
0.000000
0.000000
0.000000
0.000000
0.000000
0.000000
0.000000
0.000000
0.000000
0.000000
0.000000
0.000000
0.000000
0.000000
0.000000
0.000000
0.000000
0.000000
0.000000
0.000000
0.000000
0.000000
0.000000
0.000000
0.000000
0.000000
0.000000
0.000000
0.000000
0.000000
0.000000
0.000000
0.000000
0.000000
0.000000
0.000000
0.000000
0.000000
0.000000
0.000000
0.000000
0.000000
0.000000
0.000000
0.000000
0.000000
0.000000
0.000000
0.000000
0.000000
0.000000
0.000000
0.000000
0.000000
0.000000
0.000000
0.000000
0.000000
0.000000
0.000000
0.000000
0.000000
0.000000
0.000000
0.000000
0.000000
0.000000
0.000000
0.000000
0.000000
0.000000
0.000000
0.000000
0.000000
0.000000
0.000000
0.000000
0.000000
0.000000
0.000000
0.000000
0.000000
0.000000
0.000000
0.000000
0.000000
0.000000
0.000000
0.000000
0.000000
0.000000
0.000000
0.000000
0.000000
0.000000
0.000000
0.000000
0.000000
0.000000
0.000000
0.000000
0.000000
0.000000
0.000000
0.000000
0.000000
0.000000
0.000000
0.000000
0.000000
0.000000
0.000000
0.000000
0.000000
0.000000
0.000000
0.000000
0.000000
0.000000
0.000000
0.000000
0.000000
0.000000
0.000000
0.000000
0.000000
0.000000
0.000000
0.000000
0.000000
0.000000
0.000000
0.000000
0.000000
0.000000
0.000000
0.000000
0.000000
0.000000
0.000000
0.000000
0.000000
0.000000
0.000000
0.000000
0.000000
0.000000
0.000000
0.000000
0.000000
0.000000
0.000000
0.000000
0.000000
0.000000
0.000000
0.000000
0.000000
0.000000
0.000000
0.000000
0.000000
0.000000
0.000000
0.000000
0.000000
0.000000
0.000000
0.000000
0.000000
0.000000
0.000000
0.000000
0.000000
0.000000
0.000000
0.000000
0.000000
0.000000
0.000000
0.000000
0.000000
0.000000
0.000000
0.000000
0.000000
0.000000
0.000000
0.000000
0.000000
0.000000
0.000000
0.000000
0.000000
0.000000
0.000000
0.000000
0.000000
0.000000
0.000000
0.000000
0.000000
0.000000
0.000000
0.000000
0.000000
0.000000
0.000000
0.000000
0.000000
0.000000
0.000000
0.000000
0.000000
0.000000
0.000000
0.000000
0.000000
0.000000
0.000000
0.000000
0.000000
0.000000
0.000000
0.000000
0.000000
0.000000
0.000000
0.000000
0.000000
0.000000
0.000000
0.000000
0.000000
0.000000
0.000000
0.000000
0.000000
0.000000
0.000000
0.000000
0.000000
0.000000
0.000000
0.000000
0.000000
0.000000
0.000000
0.000000
0.000000
0.000000
0.000000
0.000000
0.000000
0.000000
0.000000
0.000000
0.000000
0.000000
0.000000
0.000000
0.000000
0.000000
0.000000
0.000000
0.000000
0.000000
0.000000
0.000000
0.000000
0.000000
0.000000
0.000000
0.000000
0.000000
0.000000
0.000000
0.000000
0.000000
0.000000
0.000000
0.000000
0.000000
0.000000
0.000000
0.000000
0.000000
0.000000
0.000000
0.000000
0.000000
0.000000
0.000000
0.000000
0.000000
0.000000
0.000000
0.000000
0.000000
0.000000
0.000000
0.000000
0.000000
0.000000
0.000000
0.000000
0.000000
0.000000
0.000000
0.000000
0.000000
0.000000
0.000000
0.000000
0.000000
0.000000
0.000000
0.000000
0.000000
0.000000
0.000000
0.000000
0.000000
0.000000
0.000000
0.000000
0.000000
0.000000
0.000000
0.000000
0.000000
0.000000
0.000000
0.000000
0.000000
0.000000
0.000000
0.000000
0.000000
0.000000
0.000000
0.000000
0.000000
0.000000
0.000000
0.000000
0.000000
0.000000
0.000000
0.000000
0.000000
0.000000
0.000000
0.000000
0.000000
0.000000
0.000000
0.000000
0.000000
0.000000
0.000000
0.000000
0.000000
0.000000
0.000000
0.000000
0.000000
0.000000
0.000000
0.000000
0.000000
0.000000
0.000000
0.000000
0.000000
0.000000
0.000000
0.000000
0.000000
0.000000
0.000000
0.000000
0.000000
0.000000
0.000000
0.000000
0.000000
0.000000
0.000000
0.000000
0.000000
0.000000
0.000000
0.000000
0.000000
0.000000
0.000000
0.000000
0.000000
0.000000
0.000000
0.000000
0.000000
0.000000
0.000000
0.000000
0.000000
0.000000
0.000000
0.000000
0.000000
0.000000
0.000000
0.000000
0.000000
0.000000
0.000000
0.000000
0.000000
0.000000
0.000000
0.000000
0.000000
0.000000
0.000000
0.000000
0.000000
0.000000
0.000000
0.000000
0.000000
0.000000
0.000000
0.000000
0.000000
0.000000
0.000000
0.000000
0.000000
0.000000
0.000000
0.000000
0.000000
0.000000
0.000000
0.000000
0.000000
0.000000
0.000000
0.000000
0.000000
0.000000
0.000000
0.000000
0.000000
0.000000
0.000000
0.000000
0.000000
0.000000
0.000000
0.000000
0.000000
0.000000
0.000000
0.000000
0.000000
0.000000
0.000000
0.000000
0.000000
0.000000
0.000000
0.000000
0.000000
0.000000
0.000000
0.000000
0.000000
0.000000
0.000000
0.000000
0.000000
0.000000
0.000000
0.000000
0.000000
0.000000
0.000000
0.000000
0.000000
0.000000
0.000000
0.000000
0.000000
0.000000
0.000000
0.000000
0.000000
0.000000
0.000000
0.000000
0.000000
0.000000
0.000000
0.000000
0.000000
0.000000
0.000000
0.000000
0.000000
0.000000
0.000000
0.000000
0.000000
0.000000
0.000000
0.000000
0.000000
0.000000
0.000000
0.000000
0.000000
0.000000
0.000000
0.000000
0.000000
0.000000
0.000000
0.000000
0.000000
0.000000
0.000000
0.000000
0.000000
0.000000
0.000000
0.000000
0.000000
0.000000
0.000000
0.000000
0.000000
0.000000
0.000000
0.000000
0.000000
0.000000
0.000000
0.000000
0.000000
0.000000
0.000000
0.000000
0.000000
0.000000
0.000000
0.000000
0.000000
0.000000
0.000000
0.000000
0.000000
0.000000
0.000000
0.000000
0.000000
0.000000
0.000000
0.000000
0.000000
0.000000
0.000000
0.000000
0.000000
0.000000
0.000000
0.000000
0.000000
0.000000
0.000000
0.000000
0.000000
0.000000
0.000000
0.000000
0.000000
0.000000
0.000000
0.000000
0.000000
0.000000
0.000000
0.000000
0.000000
0.000000
0.000000
0.000000
0.000000
0.000000
0.000000
0.000000
0.000000
0.000000
0.000000
0.000000
0.000000
0.000000
0.000000
0.000000
0.000000
0.000000
0.000000
0.000000
0.000000
0.000000
0.000000
0.000000
0.000000
0.000000
0.000000
0.000000
0.000000
0.000000
0.000000
0.000000
0.000000
0.000000
0.000000
0.000000
0.000000
0.000000
0.000000
0.000000
0.000000
0.000000
0.000000
0.000000
0.000000
0.000000
0.000000
0.000000
0.000000
0.000000
0.000000
0.000000
0.000000
0.000000
0.000000
0.000000
0.000000
0.000000
0.000000
0.000000
0.000000
0.000000
0.000000
0.000000
0.000000
0.000000
0.000000
0.000000
0.000000
0.000000
0.000000
0.000000
0.000000
0.000000
0.000000
0.000000
0.000000
0.000000
0.000000
0.000000
0.000000
0.000000
0.000000
0.000000
0.000000
0.000000
0.000000
0.000000
0.000000
0.000000
0.000000
0.000000
0.000000
0.000000
0.000000
0.000000
0.000000
0.000000
0.000000
0.000000
0.000000
0.000000
0.000000
0.000000
0.000000
0.000000
0.000000
0.000000
0.000000
0.000000
0.000000
0.000000
0.000000
0.000000
0.000000
0.000000
0.000000
0.000000
0.000000
0.000000
0.000000
0.000000
0.000000
0.000000
0.000000
0.000000
0.000000
0.000000
0.000000
0.000000
0.000000
0.000000
0.000000
0.000000
0.000000
0.000000
0.000000
0.000000
0.000000
0.000000
0.000000
0.000000
0.000000
0.000000
0.000000
0.000000
0.000000
0.000000
0.000000
0.000000
0.000000
0.000000
0.000000
0.000000
0.000000
0.000000
0.000000
0.000000
0.000000
0.000000
0.000000
0.000000
0.000000
0.000000
0.000000
0.000000
0.000000
0.000000
0.000000
0.000000
0.000000
0.000000
0.000000
0.000000
0.000000
0.000000
0.000000
0.000000
0.000000
0.000000
0.000000
0.000000
0.000000
0.000000
0.000000
0.000000
0.000000
0.000000
0.000000
0.000000
0.000000
0.000000
0.000000
0.000000
0.000000
0.000000
0.000000
0.000000
0.000000
0.000000
0.000000
0.000000
0.000000
0.000000
0.000000
0.000000
0.000000
0.000000
0.000000
0.000000
0.000000
0.000000
0.000000
0.000000
0.000000
0.000000
0.000000
0.000000
0.000000
0.000000
0.000000
0.000000
0.000000
0.000000
0.000000
0.000000
0.000000
0.000000
0.000000
0.000000
0.000000
0.000000
0.000000
0.000000
0.000000
0.000000
0.000000
0.000000
0.000000
0.000000
0.000000
0.000000
0.000000
0.000000
0.000000
0.000000
0.000000
0.000000
0.000000
0.000000
0.000000
0.000000
0.000000
0.000000
0.000000
0.000000
0.000000
0.000000
0.000000
0.000000
0.000000
0.000000
0.000000
0.000000
0.000000
0.000000
0.000000
0.000000
0.000000
0.000000
0.000000
0.000000
0.000000
0.000000
0.000000
0.000000
0.000000
0.000000
0.000000
0.000000
0.000000
0.000000
0.000000
0.000000
0.000000
0.000000
0.000000
0.000000
0.000000
0.000000
0.000000
0.000000
0.000000
0.000000
0.000000
0.000000
0.000000
0.000000
0.000000
0.000000
0.000000
0.000000
0.000000
0.000000
0.000000
0.000000
0.000000
0.000000
0.000000
0.000000
0.000000
0.000000
0.000000
0.000000
0.000000
0.000000
0.000000
0.000000
0.000000
0.000000
0.000000
0.000000
0.000000
0.000000
0.000000
0.000000
0.000000
0.000000
0.000000
0.000000
0.000000
0.000000
0.000000
0.000000
0.000000
0.000000
0.000000
0.000000
0.000000
0.000000
0.000000
0.000000
0.000000
0.000000
0.000000
0.000000
0.000000
0.000000
0.000000
0.000000
0.000000
0.000000
0.000000
0.000000
0.000000
0.000000
0.000000
0.000000
0.000000
0.000000
0.000000
0.000000
0.000000
0.000000
0.000000
0.000000
0.000000
0.000000
0.000000
0.000000
0.000000
0.000000
0.000000
0.000000
0.000000
0.000000
0.000000
0.000000
0.000000
0.000000
0.000000
0.000000
0.000000
0.000000
0.000000
0.000000
0.000000
0.000000
0.000000
0.000000
0.000000
0.000000
0.000000
0.000000
0.000000
0.000000
0.000000
0.000000
0.000000
0.000000
0.000000
0.000000
0.000000
0.000000
0.000000
0.000000
0.000000
0.000000
0.000000
0.000000
0.000000
0.000000
0.000000
0.000000
0.000000
0.000000
0.000000
0.000000
0.000000
0.000000
0.000000
0.000000
0.000000
0.000000
0.000000
0.000000
0.000000
0.000000
0.000000
0.000000
0.000000
0.000000
0.000000
0.000000
0.000000
0.000000
0.000000
0.000000
0.000000
0.000000
0.000000
0.000000
0.000000
0.000000
0.000000
0.000000
0.000000
0.000000
0.000000
0.000000
0.000000
0.000000
0.000000
0.000000
0.000000
0.000000
0.000000
0.000000
0.000000
0.000000
0.000000
0.000000
0.000000
0.000000
0.000000
0.000000
0.000000
0.000000
0.000000
0.000000
0.000000
0.000000
0.000000
0.000000
0.000000
0.000000
0.000000
0.000000
0.000000
0.000000
0.000000
0.000000
0.000000
0.000000
0.000000
0.000000
0.000000
0.000000
0.000000
0.000000
0.000000
0.000000
0.000000
0.000000
0.000000
0.000000
0.000000
0.000000
0.000000
0.000000
0.000000
0.000000
0.000000
0.000000
0.000000
0.000000
0.000000
0.000000
0.000000
0.000000
0.000000
0.000000
0.000000
0.000000
0.000000
0.000000
0.000000
0.000000
0.000000
0.000000
0.000000
0.000000
0.000000
0.000000
0.000000
0.000000
0.000000
0.000000
0.000000
0.000000
0.000000
0.000000
0.000000
0.000000
0.000000
0.000000
0.000000
0.000000
0.000000
0.000000
0.000000
0.000000
0.000000
0.000000
0.000000
0.000000
0.000000
0.000000
0.000000
0.000000
0.000000
0.000000
0.000000
0.000000
0.000000
0.000000
0.000000
0.000000
0.000000
0.000000
0.000000
0.000000
0.000000
0.000000
0.000000
0.000000
0.000000
0.000000
0.000000
0.000000
0.000000
0.000000
0.000000
0.000000
0.000000
0.000000
0.000000
0.000000
0.000000
0.000000
0.000000
0.000000
0.000000
0.000000
0.000000
0.000000
0.000000
0.000000
0.000000
0.000000
0.000000
0.000000
0.000000
0.000000
0.000000
0.000000
0.000000
0.000000
0.000000
0.000000
0.000000
0.000000
0.000000
0.000000
0.000000
0.000000
0.000000
0.000000
0.000000
0.000000
0.000000
0.000000
0.000000
0.000000
0.000000
0.000000
0.000000
0.000000
0.000000
0.000000
0.000000
0.000000
0.000000
0.000000
0.000000
0.000000
0.000000
0.000000
0.000000
0.000000
0.000000
0.000000
0.000000
0.000000
0.000000
0.000000
0.000000
0.000000
0.000000
0.000000
0.000000
0.000000
0.000000
0.000000
0.000000
0.000000
0.000000
0.000000
0.000000
0.000000
0.000000
0.000000
0.000000
0.000000
0.000000
0.000000
0.000000
0.000000
0.000000
0.000000
0.000000
0.000000
0.000000
0.000000
0.000000
0.000000
0.000000
0.000000
0.000000
0.000000
0.000000
0.000000
0.000000
0.000000
0.000000
0.000000
0.000000
0.000000
0.000000
0.000000
0.000000
0.000000
0.000000
0.000000
0.000000
0.000000
0.000000
0.000000
0.000000
0.000000
0.000000
0.000000
0.000000
0.000000
0.000000
0.000000
0.000000
0.000000
0.000000
0.000000
0.000000
0.000000
0.000000
0.000000
0.000000
0.000000
0.000000
0.000000
0.000000
0.000000
0.000000
0.000000
0.000000
0.000000
0.000000
0.000000
0.000000
0.000000
0.000000
0.000000
0.000000
0.000000
0.000000
0.000000
0.000000
0.000000
0.000000
0.000000
0.000000
0.000000
0.000000
0.000000
0.000000
0.000000
0.000000
0.000000
0.000000
0.000000
0.000000
0.000000
0.000000
0.000000
0.000000
0.000000
0.000000
0.000000
0.000000
0.000000
0.000000
0.000000
0.000000
0.000000
0.000000
0.000000
0.000000
0.000000
0.000000
0.000000
0.000000
0.000000
0.000000
0.000000
0.000000
0.000000
0.000000
0.000000
0.000000
0.000000
0.000000
0.000000
0.000000
0.000000
0.000000
0.000000
0.000000
0.000000
0.000000
0.000000
0.000000
0.000000
0.000000
0.000000
0.000000
0.000000
0.000000
0.000000
0.000000
0.000000
0.000000
0.000000
0.000000
0.000000
0.000000
0.000000
0.000000
0.000000
0.000000
0.000000
0.000000
0.000000
0.000000
0.000000
0.000000
0.000000
0.000000
0.000000
0.000000
0.000000
0.000000
0.000000
0.000000
0.000000
0.000000
0.000000
0.000000
0.000000
0.000000
0.000000
0.000000
0.000000
0.000000
0.000000
0.000000
0.000000
0.000000
0.000000
0.000000
0.000000
0.000000
0.000000
0.000000
0.000000
0.000000
0.000000
0.000000
0.000000
0.000000
0.000000
0.000000
0.000000
0.000000
0.000000
0.000000
0.000000
0.000000
0.000000
0.000000
0.000000
0.000000
0.000000
0.000000
0.000000
0.000000
0.000000
0.000000
0.000000
0.000000
0.000000
0.000000
0.000000
0.000000
0.000000
0.000000
0.000000
0.000000
0.000000
0.000000
0.000000
0.000000
0.000000
0.000000
0.000000
0.000000
0.000000
0.000000
0.000000
0.000000
0.000000
0.000000
0.000000
0.000000
0.000000
0.000000
0.000000
0.000000
0.000000
0.000000
0.000000
0.000000
0.000000
0.000000
0.000000
0.000000
0.000000
0.000000
0.000000
0.000000
0.000000
0.000000
0.000000
0.000000
0.000000
0.000000
0.000000
0.000000
0.000000
0.000000
0.000000
0.000000
0.000000
0.000000
0.000000
0.000000
0.000000
0.000000
0.000000
0.000000
0.000000
0.000000
0.000000
0.000000
0.000000
0.000000
0.000000
0.000000
0.000000
0.000000
0.000000
0.000000
0.000000
0.000000
0.000000
0.000000
0.000000
0.000000
0.000000
0.000000
0.000000
0.000000
0.000000
0.000000
0.000000
0.000000
0.000000
0.000000
0.000000
0.000000
0.000000
0.000000
0.000000
0.000000
0.000000
0.000000
0.000000
0.000000
0.000000
0.000000
0.000000
0.000000
0.000000
0.000000
0.000000
0.000000
0.000000
0.000000
0.000000
0.000000
0.000000
0.000000
0.000000
0.000000
0.000000
0.000000
0.000000
0.000000
0.000000
0.000000
0.000000
0.000000
0.000000
0.000000
0.000000
0.000000
0.000000
0.000000
0.000000
0.000000
0.000000
0.000000
0.000000
0.000000
0.000000
0.000000
0.000000
0.000000
0.000000
0.000000
0.000000
0.000000
0.000000
0.000000
0.000000
0.000000
0.000000
0.000000
0.000000
0.000000
0.000000
0.000000
0.000000
0.000000
0.000000
0.000000
0.000000
0.000000
0.000000
0.000000
0.000000
0.000000
0.000000
0.000000
0.000000
0.000000
0.000000
0.000000
0.000000
0.000000
0.000000
0.000000
0.000000
0.000000
0.000000
0.000000
0.000000
0.000000
0.000000
0.000000
0.000000
0.000000
0.000000
0.000000
0.000000
0.000000
0.000000
0.000000
0.000000
0.000000
0.000000
0.000000
0.000000
0.000000
0.000000
0.000000
0.000000
0.000000
0.000000
0.000000
0.000000
0.000000
0.000000
0.000000
0.000000
0.000000
0.000000
0.000000
0.000000
0.000000
0.000000
0.000000
0.000000
0.000000
0.000000
0.000000
0.000000
0.000000
0.000000
0.000000
0.000000
0.000000
0.000000
0.000000
0.000000
0.000000
0.000000
0.000000
0.000000
0.000000
0.000000
0.000000
0.000000
0.000000
0.000000
0.000000
0.000000
0.000000
0.000000
0.000000
0.000000
0.000000
0.000000
0.000000
0.000000
0.000000
0.000000
0.000000
0.000000
0.000000
0.000000
0.000000
0.000000
0.000000
0.000000
0.000000
0.000000
0.000000
0.000000
0.000000
0.000000
0.000000
0.000000
0.000000
0.000000
0.000000
0.000000
0.000000
0.000000
0.000000
0.000000
0.000000
0.000000
0.000000
0.000000
0.000000
0.000000
0.000000
0.000000
0.000000
0.000000
0.000000
0.000000
0.000000
0.000000
0.000000
0.000000
0.000000
0.000000
0.000000
0.000000
0.000000
0.000000
0.000000
0.000000
0.000000
0.000000
0.000000
0.000000
0.000000
0.000000
0.000000
0.000000
0.000000
0.000000
0.000000
0.000000
0.000000
0.000000
0.000000
0.000000
0.000000
0.000000
0.000000
0.000000
0.000000
0.000000
0.000000
0.000000
0.000000
0.000000
0.000000
0.000000
0.000000
0.000000
0.000000
0.000000
0.000000
0.000000
0.000000
0.000000
0.000000
0.000000
0.000000
0.000000
0.000000
0.000000
0.000000
0.000000
0.000000
0.000000
0.000000
0.000000
0.000000
0.000000
0.000000
0.000000
0.000000
0.000000
0.000000
0.000000
0.000000
0.000000
0.000000
0.000000
0.000000
0.000000
0.000000
0.000000
0.000000
0.000000
0.000000
0.000000
0.000000
0.000000
0.000000
0.000000
0.000000
0.000000
0.000000
0.000000
0.000000
0.000000
0.000000
0.000000
0.000000
0.000000
0.000000
0.000000
0.000000
0.000000
0.000000
0.000000
0.000000
0.000000
0.000000
0.000000
0.000000
0.000000
0.000000
0.000000
0.000000
0.000000
0.000000
0.000000
0.000000
0.000000
0.000000
0.000000
0.000000
0.000000
0.000000
0.000000
0.000000
0.000000
0.000000
0.000000
0.000000
0.000000
0.000000
0.000000
0.000000
0.000000
0.000000
0.000000
0.000000
0.000000
0.000000
0.000000
0.000000
0.000000
0.000000
0.000000
0.000000
0.000000
0.000000
0.000000
0.000000
0.000000
0.000000
0.000000
0.000000
0.000000
0.000000
0.000000
0.000000
0.000000
0.000000
0.000000
0.000000
0.000000
0.000000
0.000000
0.000000
0.000000
0.000000
0.000000
0.000000
0.000000
0.000000
0.000000
0.000000
0.000000
0.000000
0.000000
0.000000
0.000000
0.000000
0.000000
0.000000
0.000000
0.000000
0.000000
0.000000
0.000000
0.000000
0.000000
0.000000
0.000000
0.000000
0.000000
0.000000
0.000000
0.000000
0.000000
0.000000
0.000000
0.000000
0.000000
0.000000
0.000000
0.000000
0.000000
0.000000
0.000000
0.000000
0.000000
0.000000
0.000000
0.000000
0.000000
0.000000
0.000000
0.000000
0.000000
0.000000
0.000000
0.000000
0.000000
0.000000
0.000000
0.000000
0.000000
0.000000
0.000000
0.000000
0.000000
0.000000
0.000000
0.000000
0.000000
0.000000
0.000000
0.000000
0.000000
0.000000
0.000000
0.000000
0.000000
0.000000
0.000000
0.000000
0.000000
0.000000
0.000000
0.000000
0.000000
0.000000
0.000000
0.000000
0.000000
0.000000
0.000000
0.000000
0.000000
0.000000
0.000000
0.000000
0.000000
0.000000
0.000000
0.000000
0.000000
0.000000
0.000000
0.000000
0.000000
0.000000
0.000000
0.000000
0.000000
0.000000
0.000000
0.000000
0.000000
0.000000
0.000000
0.000000
0.000000
0.000000
0.000000
0.000000
0.000000
0.000000
0.000000
0.000000
0.000000
0.000000
0.000000
0.000000
0.000000
0.000000
0.000000
0.000000
0.000000
0.000000
0.000000
0.000000
0.000000
0.000000
0.000000
0.000000
0.000000
0.000000
0.000000
0.000000
0.000000
0.000000
0.000000
0.000000
0.000000
0.000000
0.000000
0.000000
0.000000
0.000000
0.000000
0.000000
0.000000
0.000000
0.000000
0.000000
0.000000
0.000000
0.000000
0.000000
0.000000
0.000000
0.000000
0.000000
0.000000
0.000000
0.000000
0.000000
0.000000
0.000000
0.000000
0.000000
0.000000
0.000000
0.000000
0.000000
0.000000
0.000000
0.000000
0.000000
0.000000
0.000000
0.000000
0.000000
0.000000
0.000000
0.000000
0.000000
0.000000
0.000000
0.000000
0.000000
0.000000
0.000000
0.000000
0.000000
0.000000
0.000000
0.000000
0.000000
0.000000
0.000000
0.000000
0.000000
0.000000
0.000000
0.000000
0.000000
0.000000
0.000000
0.000000
0.000000
0.000000
0.000000
0.000000
0.000000
0.000000
0.000000
0.000000
0.000000
0.000000
0.000000
0.000000
0.000000
0.000000
0.000000
0.000000
0.000000
0.000000
0.000000
0.000000
0.000000
0.000000
0.000000
0.000000
0.000000
0.000000
0.000000
0.000000
0.000000
0.000000
0.000000
0.000000
0.000000
0.000000
0.000000
0.000000
0.000000
0.000000
0.000000
0.000000
0.000000
0.000000
0.000000
0.000000
0.000000
0.000000
0.000000
0.000000
0.000000
0.000000
0.000000
0.000000
0.000000
0.000000
0.000000
0.000000
0.000000
0.000000
0.000000
0.000000
0.000000
0.000000
0.000000
0.000000
0.000000
0.000000
0.000000
0.000000
0.000000
0.000000
0.000000
0.000000
0.000000
0.000000
0.000000
0.000000
0.000000
0.000000
0.000000
0.000000
0.000000
0.000000
0.000000
0.000000
0.000000
0.000000
0.000000
0.000000
0.000000
0.000000
0.000000
0.000000
0.000000
0.000000
0.000000
0.000000
0.000000
0.000000
0.000000
0.000000
0.000000
0.000000
0.000000
0.000000
0.000000
0.000000
0.000000
0.000000
0.000000
0.000000
0.000000
0.000000
0.000000
0.000000
0.000000
0.000000
0.000000
0.000000
0.000000
0.000000
0.000000
0.000000
0.000000
0.000000
0.000000
0.000000
0.000000
0.000000
0.000000
0.000000
0.000000
0.000000
0.000000
0.000000
0.000000
0.000000
0.000000
0.000000
0.000000
0.000000
0.000000
0.000000
0.000000
0.000000
0.000000
0.000000
0.000000
0.000000
0.000000
0.000000
0.000000
0.000000
0.000000
0.000000
0.000000
0.000000
0.000000
0.000000
0.000000
0.000000
0.000000
0.000000
0.000000
0.000000
0.000000
0.000000
0.000000
0.000000
0.000000
0.000000
0.000000
0.000000
0.000000
0.000000
0.000000
0.000000
0.000000
0.000000
0.000000
0.000000
0.000000
0.000000
0.000000
0.000000
0.000000
0.000000
0.000000
0.000000
0.000000
0.000000
0.000000
0.000000
0.000000
0.000000
0.000000
0.000000
0.000000
0.000000
0.000000
0.000000
0.000000
0.000000
0.000000
0.000000
0.000000
0.000000
0.000000
0.000000
0.000000
0.000000
0.000000
0.000000
0.000000
0.000000
0.000000
0.000000
0.000000
0.000000
0.000000
0.000000
0.000000
0.000000
0.000000
0.000000
0.000000
0.000000
0.000000
0.000000
0.000000
0.000000
0.000000
0.000000
0.000000
0.000000
0.000000
0.000000
0.000000
0.000000
0.000000
0.000000
0.000000
0.000000
0.000000
0.000000
0.000000
0.000000
0.000000
0.000000
0.000000
0.000000
0.000000
0.000000
0.000000
0.000000
0.000000
0.000000
0.000000
0.000000
0.000000
0.000000
0.000000
0.000000
0.000000
0.000000
0.000000
0.000000
0.000000
0.000000
0.000000
0.000000
0.000000
0.000000
0.000000
0.000000
0.000000
0.000000
0.000000
0.000000
0.000000
0.000000
0.000000
0.000000
0.000000
0.000000
0.000000
0.000000
0.000000
0.000000
0.000000
0.000000
0.000000
0.000000
0.000000
0.000000
0.000000
0.000000
0.000000
0.000000
0.000000
0.000000
0.000000
0.000000
0.000000
0.000000
0.000000
0.000000
0.000000
0.000000
0.000000
0.000000
0.000000
0.000000
0.000000
0.000000
0.000000
0.000000
0.000000
0.000000
0.000000
0.000000
0.000000
0.000000
0.000000
0.000000
0.000000
0.000000
0.000000
0.000000
0.000000
0.000000
0.000000
0.000000
0.000000
0.000000
0.000000
0.000000
0.000000
0.000000
0.000000
0.000000
0.000000
0.000000
0.000000
0.000000
0.000000
0.000000
0.000000
0.000000
0.000000
0.000000
0.000000
0.000000
0.000000
0.000000
0.000000
0.000000
0.000000
0.000000
0.000000
0.000000
0.000000
0.000000
0.000000
0.000000
0.000000
0.000000
0.000000
0.000000
0.000000
0.000000
0.000000
0.000000
0.000000
0.000000
0.000000
0.000000
0.000000
0.000000
0.000000
0.000000
0.000000
0.000000
0.000000
0.000000
0.000000
0.000000
0.000000
0.000000
0.000000
0.000000
0.000000
0.000000
0.000000
0.000000
0.000000
0.000000
0.000000
0.000000
0.000000
0.000000
0.000000
0.000000
0.000000
0.000000
0.000000
0.000000
0.000000
0.000000
0.000000
0.000000
0.000000
0.000000
0.000000
0.000000
0.000000
0.000000
0.000000
0.000000
0.000000
0.000000
0.000000
0.000000
0.000000
0.000000
0.000000
0.000000
0.000000
0.000000
0.000000
0.000000
0.000000
0.000000
0.000000
0.000000
0.000000
0.000000
0.000000
0.000000
0.000000
0.000000
0.000000
0.000000
0.000000
0.000000
0.000000
0.000000
0.000000
0.000000
0.000000
0.000000
0.000000
0.000000
0.000000
0.000000
0.000000
0.000000
0.000000
0.000000
0.000000
0.000000
0.000000
0.000000
0.000000
0.000000
0.000000
0.000000
0.000000
0.000000
0.000000
0.000000
0.000000
0.000000
0.000000
0.000000
0.000000
0.000000
0.000000
0.000000
0.000000
0.000000
0.000000
0.000000
0.000000
0.000000
0.000000
0.000000
0.000000
0.000000
0.000000
0.000000
0.000000
0.000000
0.000000
0.000000
0.000000
0.000000
0.000000
0.000000
0.000000
0.000000
0.000000
0.000000
0.000000
0.000000
0.000000
0.000000
0.000000
0.000000
0.000000
0.000000
0.000000
0.000000
0.000000
0.000000
0.000000
0.000000
0.000000
0.000000
0.000000
0.000000
0.000000
0.000000
0.000000
0.000000
0.000000
0.000000
0.000000
0.000000
0.000000
0.000000
0.000000
0.000000
0.000000
0.000000
0.000000
0.000000
0.000000
0.000000
0.000000
0.000000
0.000000
0.000000
0.000000
0.000000
0.000000
0.000000
0.000000
0.000000
0.000000
0.000000
0.000000
0.000000
0.000000
0.000000
0.000000
0.000000
0.000000
0.000000
0.000000
0.000000
0.000000
0.000000
0.000000
0.000000
0.000000
0.000000
0.000000
0.000000
0.000000
0.000000
0.000000
0.000000
0.000000
0.000000
0.000000
0.000000
0.000000
0.000000
0.000000
0.000000
0.000000
0.000000
0.000000
0.000000
0.000000
0.000000
0.000000
0.000000
0.000000
0.000000
0.000000
0.000000
0.000000
0.000000
0.000000
0.000000
0.000000
0.000000
0.000000
0.000000
0.000000
0.000000
0.000000
0.000000
0.000000
0.000000
0.000000
0.000000
0.000000
0.000000
0.000000
0.000000
0.000000
0.000000
0.000000
0.000000
0.000000
0.000000
0.000000
0.000000
0.000000
0.000000
0.000000
0.000000
0.000000
0.000000
0.000000
0.000000
0.000000
0.000000
0.000000
0.000000
0.000000
0.000000
0.000000
0.000000
0.000000
0.000000
0.000000
0.000000
0.000000
0.000000
0.000000
0.000000
0.000000
0.000000
0.000000
0.000000
0.000000
0.000000
0.000000
0.000000
0.000000
0.000000
0.000000
0.000000
0.000000
0.000000
0.000000
0.000000
0.000000
0.000000
0.000000
0.000000
0.000000
0.000000
0.000000
0.000000
0.000000
0.000000
0.000000
0.000000
0.000000
0.000000
0.000000
0.000000
0.000000
0.000000
0.000000
0.000000
0.000000
0.000000
0.000000
0.000000
0.000000
0.000000
0.000000
0.000000
0.000000
0.000000
0.000000
0.000000
0.000000
0.000000
0.000000
0.000000
0.000000
0.000000
0.000000
0.000000
0.000000
0.000000
0.000000
0.000000
0.000000
0.000000
0.000000
0.000000
0.000000
0.000000
0.000000
0.000000
0.000000
0.000000
0.000000
0.000000
0.000000
0.000000
0.000000
0.000000
0.000000
0.000000
0.000000
0.000000
0.000000
0.000000
0.000000
0.000000
0.000000
0.000000
0.000000
0.000000
0.000000
0.000000
0.000000
0.000000
0.000000
0.000000
0.000000
0.000000
0.000000
0.000000
0.000000
0.000000
0.000000
0.000000
0.000000
0.000000
0.000000
0.000000
0.000000
0.000000
0.000000
0.000000
0.000000
0.000000
0.000000
0.000000
0.000000
0.000000
0.000000
0.000000
0.000000
0.000000
0.000000
0.000000
0.000000
0.000000
0.000000
0.000000
0.000000
0.000000
0.000000
0.000000
0.000000
0.000000
0.000000
0.000000
0.000000
0.000000
0.000000
0.000000
0.000000
0.000000
0.000000
0.000000
0.000000
0.000000
0.000000
0.000000
0.000000
0.000000
0.000000
0.000000
0.000000
0.000000
0.000000
0.000000
0.000000
0.000000
0.000000
0.000000
0.000000
0.000000
0.000000
0.000000
0.000000
0.000000
0.000000
0.000000
0.000000
0.000000
0.000000
0.000000
0.000000
0.000000
0.000000
0.000000
0.000000
0.000000
0.000000
0.000000
0.000000
0.000000
0.000000
0.000000
0.000000
0.000000
0.000000
0.000000
0.000000
0.000000
0.000000
0.000000
0.000000
0.000000
0.000000
0.000000
0.000000
0.000000
0.000000
0.000000
0.000000
0.000000
0.000000
0.000000
0.000000
0.000000
0.000000
0.000000
0.000000
0.000000
0.000000
0.000000
0.000000
0.000000
0.000000
0.000000
0.000000
0.000000
0.000000
0.000000
0.000000
0.000000
0.000000
0.000000
0.000000
0.000000
0.000000
0.000000
0.000000
0.000000
0.000000
0.000000
0.000000
0.000000
0.000000
0.000000
0.000000
0.000000
0.000000
0.000000
0.000000
0.000000
0.000000
0.000000
0.000000
0.000000
0.000000
0.000000
0.000000
0.000000
0.000000
0.000000
0.000000
0.000000
0.000000
0.000000
0.000000
0.000000
0.000000
0.000000
0.000000
0.000000
0.000000
0.000000
0.000000
0.000000
0.000000
0.000000
0.000000
0.000000
0.000000
0.000000
0.000000
0.000000
0.000000
0.000000
0.000000
0.000000
0.000000
0.000000
0.000000
0.000000
0.000000
0.000000
0.000000
0.000000
0.000000
0.000000
0.000000
0.000000
0.000000
0.000000
0.000000
0.000000
0.000000
0.000000
0.000000
0.000000
0.000000
0.000000
0.000000
0.000000
0.000000
0.000000
0.000000
0.000000
0.000000
0.000000
0.000000
0.000000
0.000000
0.000000
0.000000
0.000000
0.000000
0.000000
0.000000
0.000000
0.000000
0.000000
0.000000
0.000000
0.000000
0.000000
0.000000
0.000000
0.000000
0.000000
0.000000
0.000000
0.000000
0.000000
0.000000
0.000000
0.000000
0.000000
0.000000
0.000000
0.000000
