-25.000000
-25.000000
-25.000000
-25.000000
-25.000000
-25.000000
-25.000000
-25.000000
-25.000000
-25.000000
-25.000000
-25.000000
-25.000000
-25.000000
-25.000000
-25.000000
-25.000000
-25.000000
-25.000000
-25.000000
-25.000000
-25.000000
-25.000000
-25.000000
-25.000000
-25.000000
-25.000000
-25.000000
-25.000000
-25.000000
-25.000000
-25.000000
-25.000000
-25.000000
-25.000000
-25.000000
-25.000000
-25.000000
-25.000000
-25.000000
-25.000000
-25.000000
-25.000000
-25.000000
-25.000000
-25.000000
-25.000000
-25.000000
-25.000000
-25.000000
-25.000000
-25.000000
-25.000000
-25.000000
-25.000000
-25.000000
-25.000000
-25.000000
-25.000000
-25.000000
-25.000000
-25.000000
-25.000000
-25.000000
-25.000000
-25.000000
-25.000000
-25.000000
-25.000000
-25.000000
-25.000000
-25.000000
-25.000000
-25.000000
-25.000000
-25.000000
-25.000000
-25.000000
-25.000000
-25.000000
-25.000000
-25.000000
-25.000000
-25.000000
-25.000000
-25.000000
-25.000000
-25.000000
-25.000000
-25.000000
-25.000000
-25.000000
-25.000000
-25.000000
-25.000000
-25.000000
-25.000000
-25.000000
-25.000000
-25.000000
-25.000000
-25.000000
-25.000000
-25.000000
-25.000000
-25.000000
-25.000000
-25.000000
-25.000000
-25.000000
-25.000000
-25.000000
-25.000000
-25.000000
-25.000000
-25.000000
-25.000000
-25.000000
-25.000000
-25.000000
-24.243690
-24.243690
-24.243690
-24.243690
-24.243690
-24.243690
-24.243690
-24.243690
-24.243690
-24.243690
-8.245830
-8.245830
-8.245830
-8.245830
-8.245830
-8.245830
-8.245830
-8.245830
-8.245830
-8.245830
7.701570
7.701570
7.701570
7.701570
7.701570
7.701570
7.701570
7.701570
7.701570
7.701570
22.020900
22.020900
22.020900
22.020900
22.020900
22.020900
22.020900
22.020900
22.020900
22.020900
24.099610
24.099610
24.099610
24.099610
24.099610
24.099610
24.099610
24.099610
24.099610
24.099610
23.903100
23.903100
23.903100
23.903100
23.903100
23.903100
23.903100
23.903100
23.903100
23.903100
23.766840
23.766840
23.766840
23.766840
23.766840
23.766840
23.766840
23.766840
23.766840
23.766840
23.585080
23.585080
23.585080
23.585080
23.585080
23.585080
23.585080
23.585080
23.585080
23.585080
23.433120
23.433120
23.433120
23.433120
23.433120
23.433120
23.433120
23.433120
23.433120
23.433120
23.566210
23.566210
23.566210
23.566210
23.566210
23.566210
23.566210
23.566210
23.566210
23.566210
23.587010
23.587010
23.587010
23.587010
23.587010
23.587010
23.587010
23.587010
23.587010
23.587010
23.207920
23.207920
23.207920
23.207920
23.207920
23.207920
23.207920
23.207920
23.207920
23.207920
21.131090
21.131090
21.131090
21.131090
21.131090
21.131090
21.131090
21.131090
21.131090
21.131090
17.652800
17.652800
17.652800
17.652800
17.652800
17.652800
17.652800
17.652800
17.652800
17.652800
14.026480
14.026480
14.026480
14.026480
14.026480
14.026480
14.026480
14.026480
14.026480
14.026480
10.823920
10.823920
10.823920
10.823920
10.823920
10.823920
10.823920
10.823920
10.823920
10.823920
8.684270
8.684270
8.684270
8.684270
8.684270
8.684270
8.684270
8.684270
8.684270
8.684270
7.492150
7.492150
7.492150
7.492150
7.492150
7.492150
7.492150
7.492150
7.492150
7.492150
6.596940
6.596940
6.596940
6.596940
6.596940
6.596940
6.596940
6.596940
6.596940
6.596940
6.166820
6.166820
6.166820
6.166820
6.166820
6.166820
6.166820
6.166820
6.166820
6.166820
5.967430
5.967430
5.967430
5.967430
5.967430
5.967430
5.967430
5.967430
5.967430
5.967430
5.954550
5.954550
5.954550
5.954550
5.954550
5.954550
5.954550
5.954550
5.954550
5.954550
5.820750
5.820750
5.820750
5.820750
5.820750
5.820750
5.820750
5.820750
5.820750
5.820750
0.000000
0.000000
0.000000
0.000000
0.000000
0.000000
0.000000
0.000000
0.000000
0.000000
0.000000
0.000000
0.000000
0.000000
0.000000
0.000000
0.000000
0.000000
0.000000
0.000000
0.000000
0.000000
0.000000
0.000000
0.000000
0.000000
0.000000
0.000000
0.000000
0.000000
0.000000
0.000000
0.000000
0.000000
0.000000
0.000000
0.000000
0.000000
0.000000
0.000000
0.000000
0.000000
0.000000
0.000000
0.000000
0.000000
0.000000
0.000000
0.000000
0.000000
0.000000
0.000000
0.000000
0.000000
0.000000
0.000000
0.000000
0.000000
0.000000
0.000000
0.000000
0.000000
0.000000
0.000000
0.000000
0.000000
0.000000
0.000000
0.000000
0.000000
0.000000
0.000000
0.000000
0.000000
0.000000
0.000000
0.000000
0.000000
0.000000
0.000000
0.000000
0.000000
0.000000
0.000000
0.000000
0.000000
0.000000
0.000000
0.000000
0.000000
0.000000
0.000000
0.000000
0.000000
0.000000
0.000000
0.000000
0.000000
0.000000
0.000000
0.000000
0.000000
0.000000
0.000000
0.000000
0.000000
0.000000
0.000000
0.000000
0.000000
0.000000
0.000000
0.000000
0.000000
0.000000
0.000000
0.000000
0.000000
0.000000
0.000000
0.000000
0.000000
0.000000
0.000000
0.000000
0.000000
0.000000
0.000000
0.000000
0.000000
0.000000
0.000000
0.000000
0.000000
0.000000
0.000000
0.000000
0.000000
0.000000
0.000000
0.000000
0.000000
0.000000
0.000000
0.000000
0.000000
0.000000
0.000000
0.000000
0.000000
0.000000
0.000000
0.000000
0.000000
0.000000
0.000000
0.000000
0.000000
0.000000
0.000000
0.000000
0.000000
0.000000
0.000000
0.000000
0.000000
0.000000
0.000000
0.000000
0.000000
0.000000
0.000000
0.000000
0.000000
0.000000
0.000000
0.000000
0.000000
0.000000
0.000000
0.000000
0.000000
0.000000
0.000000
0.000000
0.000000
0.000000
0.000000
0.000000
0.000000
0.000000
0.000000
0.000000
0.000000
0.000000
0.000000
0.000000
0.000000
0.000000
0.000000
0.000000
0.000000
0.000000
0.000000
0.000000
0.000000
0.000000
0.000000
0.000000
0.000000
0.000000
0.000000
0.000000
0.000000
0.000000
0.000000
0.000000
0.000000
0.000000
0.000000
0.000000
0.000000
0.000000
0.000000
0.000000
0.000000
0.000000
0.000000
0.000000
0.000000
0.000000
0.000000
0.000000
0.000000
0.000000
0.000000
0.000000
0.000000
0.000000
0.000000
0.000000
0.000000
0.000000
0.000000
0.000000
0.000000
0.000000
0.000000
0.000000
0.000000
0.000000
0.000000
0.000000
0.000000
0.000000
0.000000
0.000000
0.000000
0.000000
0.000000
0.000000
0.000000
0.000000
0.000000
0.000000
0.000000
0.000000
0.000000
0.000000
0.000000
0.000000
0.000000
0.000000
0.000000
0.000000
0.000000
0.000000
0.000000
0.000000
0.000000
0.000000
0.000000
0.000000
0.000000
0.000000
0.000000
0.000000
0.000000
0.000000
0.000000
0.000000
0.000000
0.000000
0.000000
0.000000
0.000000
0.000000
0.000000
0.000000
0.000000
0.000000
0.000000
0.000000
0.000000
0.000000
0.000000
0.000000
0.000000
0.000000
0.000000
0.000000
0.000000
0.000000
0.000000
0.000000
0.000000
0.000000
0.000000
0.000000
0.000000
0.000000
0.000000
0.000000
0.000000
0.000000
