-3.599770
-3.599770
-3.599770
-3.599770
-3.599770
-3.599770
-3.599770
-3.599770
-3.599770
-3.599770
-3.599770
-3.599770
-3.599770
-3.599770
-3.599770
-3.599770
-3.599770
-3.599770
-3.599770
-3.599770
-3.599770
-3.599770
-3.599770
-3.599770
-3.599770
-3.599770
-3.599770
-3.599770
-3.599770
-3.599770
-3.599770
-3.599770
-3.599770
-3.599770
-3.599770
-3.599770
-3.599770
-3.599770
-3.599770
-3.599770
-3.599770
-3.599770
-3.599770
-3.599770
-3.599770
-3.599770
-3.599770
-3.599770
-3.599770
-3.599770
-3.599770
-3.599770
-3.599770
-3.599770
-3.599770
-3.599770
-3.599770
-3.599770
-3.599770
-3.599770
-3.599770
-3.599770
-3.599770
-3.599770
-3.599770
-3.599770
-3.599770
-3.599370
-3.599350
-3.599330
-3.599310
-3.599280
-3.599260
-3.599230
-3.599200
-3.599180
-3.599150
-3.599120
-3.599090
-3.599060
-3.599030
-3.599000
-3.598960
-3.598930
-3.598890
-3.598860
-3.598820
-3.598780
-3.598740
-3.598700
-3.598660
-3.598620
-3.598580
-3.598530
-3.598490
-3.598440
-3.598390
-3.598340
-3.598300
-3.598240
-3.598190
-3.598140
-3.598090
-3.598030
-3.597980
-3.597920
-3.597860
-3.597800
-3.597740
-3.597680
-3.597620
-3.597560
-3.597490
-3.597430
-3.597360
-3.597290
-3.597230
-3.597160
-3.597090
-3.597010
-3.596940
-3.596870
-3.596790
-3.596720
-3.596640
-3.596560
-3.596480
-3.596400
-3.596320
-3.596240
-3.596150
-3.596070
-3.595980
-3.595900
-3.595810
-3.595720
-3.595630
-3.595540
-3.595450
-3.595350
-3.595260
-3.595160
-3.595070
-3.594970
-3.594870
-3.594770
-3.594670
-3.594570
-3.594460
-3.594360
-3.594260
-3.594150
-3.594040
-3.593930
-3.593820
-3.593710
-3.593600
-3.593490
-3.593380
-3.593260
-3.593140
-3.593030
-3.592910
-3.592790
-3.592670
-3.592550
-3.592420
-3.592300
-3.592170
-3.592050
-3.591920
-3.591790
-3.591660
-3.591530
-3.591400
-3.591260
-3.591130
-3.590990
-3.590850
-3.590720
-3.590580
-3.590430
-3.590290
-3.590150
-3.590000
-3.589850
-3.589710
-3.589560
-3.589400
-3.589250
-3.589100
-3.588940
-3.588780
-3.588630
-3.588470
-3.588300
-3.588140
-3.587970
-3.587810
-3.587640
-3.587470
-3.587300
-3.587120
-3.586950
-3.586770
-3.586590
-3.586410
-3.586230
-3.586040
-3.585850
-3.585660
-3.585470
-3.585280
-3.585090
-3.584890
-3.584690
-3.584490
-3.584280
-3.584080
-3.583870
-3.583660
-3.583450
-3.583230
-3.583010
-3.582790
-3.582570
-3.582350
-3.582120
-3.581890
-3.581660
-3.581420
-3.581190
-3.580950
-3.580700
-3.580460
-3.580210
-3.579960
-3.579710
-3.579450
-3.579200
-3.578940
-3.578670
-3.578410
-3.578140
-3.577870
-3.577590
-3.577320
-3.577040
-3.576760
-3.576480
-3.576200
-3.575910
-3.575620
-3.575330
-3.575040
-3.574750
-3.574450
-3.574160
-3.573860
-3.573570
-3.573270
-3.572980
-3.572680
-3.572380
-3.572090
-3.571800
-3.571510
-3.571220
-3.570930
-3.570650
-3.570370
-3.570090
-3.569820
-3.569550
-3.569290
-3.569040
-3.568790
-3.568550
-3.568320
-3.568100
-3.567890
-3.567690
-3.567500
-3.567320
-3.567150
-3.567000
-3.566860
-3.566730
-3.566620
-3.566530
-3.566440
-3.566380
-3.566320
-3.566290
-3.566270
-3.566260
-3.566270
-3.566290
-3.566330
-3.566380
-3.566450
-3.566530
-3.566620
-3.566720
-3.566830
-3.566960
-3.567090
-3.567230
-3.567370
-3.567530
-3.567680
-3.567840
-3.568010
-3.568180
-3.568350
-3.568520
-3.568690
-3.568860
-3.569030
-3.569200
-3.569370
-3.569540
-3.569700
-3.569860
-3.570020
-3.570180
-3.570330
-3.570480
-3.570630
-3.570770
-3.570910
-3.571050
-3.571190
-3.571330
-3.571460
-3.571590
-3.571720
-3.571850
-3.571970
-3.572100
-3.572230
-3.572350
-3.572480
-3.572600
-3.572730
-3.572860
-3.572990
-3.573110
-3.573240
-3.573380
-3.573510
-3.573650
-3.573780
-3.573920
-3.574070
-3.574210
-3.574360
-3.574510
-3.574660
-3.574820
-3.574980
-3.575140
-3.575310
-3.575480
-3.575660
-3.575830
-3.576010
-3.576200
-3.576390
-3.576590
-3.576780
-3.576990
-3.577190
-3.577410
-3.577620
-3.577840
-3.578070
-3.578300
-3.578540
-3.578780
-3.579030
-3.579280
-3.579540
-3.579800
-3.580070
-3.580340
-3.580620
-3.580910
-3.581200
-3.581500
-3.581800
-3.582110
-3.582430
-3.582750
-3.583080
-3.583420
-3.583760
-3.584110
-3.584460
-3.584830
-3.585200
-3.585580
-3.585960
-3.586360
-3.586760
-3.587170
-3.587580
-3.588010
-3.588440
-3.588880
-3.589330
-3.589790
-3.590250
-3.590730
-3.591210
-3.591700
-3.592210
-3.592720
-3.593240
-3.593770
-3.594310
-3.594860
-3.595410
-3.595980
-3.596560
-3.597150
-3.597750
-3.598360
-3.598980
-3.599610
-3.600260
-3.600910
-3.601580
-3.602250
-3.602940
-3.603640
-3.604350
-3.605080
-3.605810
-3.606560
-3.607320
-3.608100
-3.608880
-3.609680
-3.610500
-3.611330
-3.612170
-3.613020
-3.613890
-3.614770
-3.615670
-3.616580
-3.617510
-3.618450
-3.619400
-3.620380
-3.621360
-3.622370
-3.623380
-3.624420
-3.625470
-3.626540
-3.627620
-3.628730
-3.629850
-3.630980
-3.632140
-3.633310
-3.634500
-3.635710
-3.636930
-3.638180
-3.639450
-3.640730
-3.642030
-3.643360
-3.644700
-3.646070
-3.647450
-3.648860
-3.650280
-3.651730
-3.653200
-3.654690
-3.656210
-3.657740
-3.659300
-3.660890
-3.662490
-3.664120
-3.665770
-3.667450
-3.669150
-3.670880
-3.672630
-3.674410
-3.676210
-3.678040
-3.679900
-3.681780
14.575880
14.862790
15.093600
15.195000
15.253320
15.292370
15.320920
15.343030
15.360810
15.375530
15.387950
15.398600
15.407840
15.415910
15.423010
15.429290
15.434860
15.439800
15.444190
15.448080
15.451520
15.454550
15.457210
15.459510
15.461500
15.463190
15.464600
15.465750
15.466640
15.467310
15.467750
15.467990
15.468020
15.467860
15.467530
15.467020
15.466350
15.465530
15.464550
15.463440
15.462180
15.460800
15.459300
15.457670
15.455940
15.454100
15.452150
15.450110
15.447970
15.445750
15.443440
15.441050
15.438590
15.436050
15.433450
15.430780
15.428040
15.425250
15.422400
15.419500
15.416540
15.413540
15.410500
15.407410
15.404280
15.401110
15.397900
15.394660
15.391390
15.388090
15.384760
15.381400
15.378020
15.374620
15.371190
15.367740
15.364270
15.360790
15.357290
15.353770
15.350240
15.346700
15.343150
15.339580
15.336010
15.332430
15.328840
15.325250
15.321650
15.318040
15.314440
15.310830
15.307220
15.303610
15.299990
15.296380
15.292770
15.289160
15.285560
15.281960
15.278360
15.274760
15.271170
15.267590
15.264010
15.260440
15.256880
15.253320
15.249770
15.246230
15.242700
15.239180
15.235660
15.232160
15.228670
15.225190
15.221710
15.218250
15.214810
15.211370
15.207940
15.204530
15.201130
15.197740
15.194370
15.191010
15.187660
15.184330
15.181010
15.177700
15.174410
15.171140
15.167870
15.164630
15.161390
15.158180
15.154980
15.151790
15.148620
15.145460
15.142330
15.139200
15.136100
15.133010
15.129930
15.126880
15.123840
15.120820
15.117810
15.114820
15.111850
15.108900
15.105960
15.103040
15.100140
15.097260
15.094400
15.091550
15.088720
15.085910
15.083120
15.080350
15.077600
15.074860
15.072150
15.069450
15.066770
15.064120
15.061480
15.058860
15.056260
15.053680
15.051120
15.048580
15.046060
15.043570
15.041090
15.038630
15.036190
15.033780
15.031380
15.029010
15.026650
15.024320
15.022010
15.019720
15.017460
15.015210
15.012990
15.010790
15.008610
15.006450
15.004310
15.002200
15.000110
14.998050
14.996000
14.993980
14.991990
14.990010
14.988060
14.986140
14.984230
14.982350
14.980500
14.978670
14.976860
14.975080
14.973330
14.971600
14.969890
14.968210
14.966560
14.964930
14.963330
14.961750
14.960200
14.958670
14.957180
14.955710
14.954270
14.952850
14.951460
14.950100
14.948770
14.947470
14.946200
14.944950
14.943740
14.942550
14.941390
14.940270
14.939170
14.938110
14.937080
14.936080
14.935110
14.934170
14.933270
14.932400
14.931570
14.930770
14.930000
14.929270
14.928570
14.927920
14.927300
14.926710
14.926170
14.925670
14.925200
14.924780
14.924400
14.924060
14.923770
14.923520
14.923320
14.923160
14.923050
14.922990
14.922990
14.923030
14.923140
14.923290
14.923510
14.923780
14.924120
14.924520
14.924990
14.925530
14.926150
14.926830
14.927600
14.928450
14.929390
14.930430
14.931550
14.932790
14.934130
14.935580
14.937160
14.938870
14.940720
14.942720
14.944880
14.947210
14.949730
14.952450
14.955400
14.958580
14.962030
14.965770
14.969830
14.974240
14.979040
14.984270
14.989980
14.996240
15.003090
15.010600
15.018830
15.027860
15.037700
15.048340
15.059640
15.071220
15.082250
15.091060
15.094630
15.088210
15.066410
15.027570
14.979440
14.936240
14.906730
14.890120
14.881800
14.877840
14.875970
14.875030
14.874500
14.874150
14.873870
14.873640
14.873440
14.873250
14.873070
14.872910
14.872770
14.872630
14.872510
14.872400
14.872310
14.872220
14.872150
14.872090
14.872040
14.872000
14.871970
14.871960
14.871950
14.871950
14.871970
14.871990
14.872020
14.872060
14.872120
14.872180
14.872250
14.872320
14.872410
14.872500
14.872600
14.872710
14.872830
14.872960
14.873090
14.873230
14.873370
14.873520
14.873680
14.873840
14.874010
14.874190
14.874370
14.874560
14.874750
14.874950
14.875150
14.875350
14.875560
14.875780
14.876000
14.876220
14.876450
14.876680
14.876910
14.877150
14.877390
14.877630
14.877870
14.878120
14.878370
14.878620
14.878870
14.879130
14.879390
14.879640
14.879900
14.880160
14.880430
14.880690
14.880950
14.881210
14.881480
14.881740
14.882000
14.882270
14.882530
14.882790
14.883050
14.883310
14.883570
14.883830
14.884080
14.884340
14.884590
14.884840
14.885090
14.885340
14.885580
14.885820
14.886060
14.886300
14.886530
14.886760
14.886990
14.887210
14.887430
14.887650
14.887860
14.888070
14.888270
14.888470
14.888670
14.888860
14.889050
14.889230
14.889400
14.889570
14.889740
14.889900
14.890050
14.890200
14.890350
14.890480
14.890610
14.890740
14.890860
14.890970
14.891080
14.891170
14.891270
14.891350
14.891430
14.891500
14.891560
14.891620
14.891670
14.891710
14.891740
14.891760
14.891780
14.891790
14.891790
14.891780
14.891760
14.891730
14.891700
14.891660
14.891600
14.891540
14.891470
14.891390
14.891300
14.891200
14.891090
14.890970
14.890850
14.890710
14.890560
14.890400
14.890230
14.890050
14.889860
14.889660
14.889450
14.889230
14.889000
14.888760
14.888500
14.888240
14.887960
14.887670
14.887370
14.887060
14.886740
14.886410
14.886060
14.885700
14.885330
14.884950
14.884560
14.884150
14.883740
14.883310
14.882860
14.882410
14.881940
14.881460
2.516120
2.516120
2.516120
2.516120
2.516120
2.516120
2.516120
2.516120
2.516120
2.516120
2.516120
2.516120
2.516120
2.516120
2.516120
2.516120
2.516120
2.516120
2.516120
2.516120
2.516120
2.516120
2.516120
2.516120
2.516240
2.516240
2.516250
2.516240
2.516240
2.516240
2.516230
2.516220
2.516200
2.516190
2.516170
2.516150
2.516130
2.516120
2.516120
2.516120
2.516120
2.516120
2.516120
2.516120
2.516120
2.516120
2.516120
2.516120
2.516120
2.516120
2.516120
2.516120
2.516120
2.516120
2.516120
2.516120
2.516120
2.516120
2.516120
2.516120
2.516120
2.516120
2.516120
2.516120
2.516120
2.516120
2.516120
2.516120
2.516120
2.516120
2.516120
2.516120
2.516120
2.516120
2.516120
2.516120
2.516120
2.516120
2.516120
2.516120
2.516120
2.516120
2.516120
2.516120
2.516120
2.516120
2.516120
2.516120
2.516120
2.516120
2.516120
2.516120
2.513450
2.513080
2.512690
2.512270
2.511830
2.511370
2.510880
2.510380
2.509860
2.509320
2.508760
2.508190
2.507600
2.507000
2.506390
2.505770
2.505140
2.504500
2.503860
2.503210
2.502550
2.501900
2.501240
2.500580
2.499920
2.499250
2.498590
2.497930
2.497280
2.496620
2.495970
2.495320
2.494680
2.494040
2.493400
2.492770
2.492140
2.491520
2.490910
2.490300
2.489690
2.489100
2.488510
2.487920
2.487340
2.486770
2.486210
2.485650
2.485100
2.484550
2.484010
2.483480
2.482960
2.482440
2.481930
2.481430
2.480930
2.480440
2.479960
2.479480
2.479010
2.478550
2.478090
2.477640
2.477200
2.476760
2.476330
2.475910
2.475490
2.475080
2.474680
2.474280
2.473890
2.473510
2.473130
2.472760
2.472390
2.472030
2.471680
2.471330
2.470990
2.470650
2.470320
2.470000
2.469680
2.469370
2.469060
2.468760
2.468470
2.468170
2.467890
2.467610
2.467340
2.467070
2.466800
2.466550
2.466290
2.466040
2.465800
2.465560
2.465330
2.465100
2.464880
2.464660
2.464450
2.464240
2.464030
2.463830
2.463640
2.463450
2.463260
2.463080
2.462900
2.462730
2.462560
2.462400
2.462240
2.462080
2.461930
2.461780
2.461640
2.461500
2.461360
2.461230
2.461100
2.460980
2.460850
2.460740
2.460620
2.460510
2.460410
2.460310
2.460210
2.460110
2.460020
2.459930
2.459840
2.459760
2.459680
2.459610
2.459540
2.459470
2.459400
2.459340
2.459280
2.459220
2.459170
2.459120
2.459070
2.459020
2.458980
2.458940
2.458900
2.458870
2.458840
2.458810
2.458780
2.458760
2.458740
2.458720
2.458700
2.458690
2.458680
2.458670
2.458660
2.458660
2.458660
2.458660
2.458660
2.458660
2.458670
2.458680
2.458690
2.458700
2.458720
2.458740
2.458760
2.458780
2.458800
2.458830
2.458850
2.458880
2.458910
2.458950
2.458980
2.459020
2.459050
2.459090
2.459140
2.459180
2.459220
2.459270
2.459320
2.459370
2.459420
2.459470
2.459520
2.459580
2.459640
2.459690
2.459750
2.459810
2.459880
2.459940
2.460000
2.460070
2.460140
2.460210
2.460280
2.460350
2.460420
2.460490
2.460570
2.460640
2.460720
2.460800
2.460880
2.460960
2.461040
2.461120
2.461200
2.461290
2.461370
2.461460
2.461550
2.461630
2.461720
2.461810
2.461900
2.461990
2.462090
2.462180
2.462270
2.462370
2.462460
2.462560
2.462650
2.462750
2.462850
2.462950
2.463050
2.463150
2.463250
2.463350
2.463450
2.463560
2.463660
2.463760
2.463870
2.463970
2.464080
2.464180
2.464290
2.464400
2.464500
2.464610
2.464720
2.464830
2.464940
2.465050
2.465160
2.465270
2.465380
2.465490
2.465600
2.465710
2.465820
2.465930
2.466050
2.466160
2.466270
2.466390
2.466500
2.466610
2.466730
2.466840
2.466960
2.467070
2.467190
2.467300
2.467420
2.467540
2.467650
2.467770
2.467880
2.468000
2.468120
2.468230
2.468350
2.468470
2.468580
2.468700
2.468820
2.468930
2.469050
2.469170
2.469280
2.469400
2.469520
2.469640
2.469750
2.469870
2.469990
2.470100
2.470220
2.470340
2.470450
2.470570
2.470690
2.470800
2.470920
2.471040
2.471150
2.471270
2.471380
2.471500
2.471620
2.471730
2.471850
2.471960
2.472080
2.472190
2.472300
2.472420
2.472530
2.472650
2.472760
2.472870
2.472980
2.473100
2.473210
2.473320
2.473430
2.473540
2.473650
2.473760
2.473870
2.473980
2.474090
2.474200
2.474310
2.474420
2.474520
2.474630
2.474740
2.474840
2.474950
2.475050
2.475160
2.475260
2.475370
2.475470
2.475570
2.475670
2.475770
2.475870
2.475970
2.476070
2.476170
2.476270
2.476360
2.476460
2.476550
2.476650
2.476740
2.476830
2.476930
2.477020
2.477110
2.477200
2.477290
2.477370
2.477460
2.477550
2.477630
2.477710
2.477800
2.477880
2.477960
2.478040
2.478120
2.478190
2.478270
2.478340
2.478420
2.478490
2.478560
2.478630
2.478700
2.478770
2.478840
2.478900
2.478960
2.479030
2.479090
2.479150
2.479210
2.479260
2.479320
2.479370
2.479430
2.479480
2.479530
2.479580
2.479620
2.479670
2.479710
2.479760
-1.276850
-1.276850
-1.276850
-1.276850
-1.276850
-1.276850
-1.276850
-1.288040
-1.290240
-1.292390
-1.294440
-1.296380
-1.298190
-1.299880
-1.301440
-1.302880
-1.304190
-1.305400
-1.306510
-1.307510
-1.308430
-1.309270
-1.310030
-1.310710
-1.311340
-1.311900
-1.312410
-1.312870
-1.313270
-1.313640
-1.313970
-1.314250
-1.314510
-1.314730
-1.314920
-1.315080
-1.315210
-1.315320
-1.315410
-1.315480
-1.315530
-1.315560
-1.315570
-1.315560
-1.315540
-1.315510
-1.315460
-1.315400
-1.315330
-1.315240
-1.315150
-1.315040
-1.314930
-1.314800
-1.314670
-1.314530
-1.314380
-1.314230
-1.314070
-1.313900
-1.313720
-1.313540
-1.313360
-1.313170
-1.312980
-1.312780
-1.312570
-1.312370
-1.312160
-1.311940
-1.311730
-1.311500
-1.311280
-1.311050
-1.310830
-1.310590
-1.310360
-1.310130
-1.309890
-1.309650
-1.309410
-1.309160
-1.308920
-1.308680
-1.308430
-1.308180
-1.307930
-1.307680
-1.307430
-1.307180
-1.306930
-1.306680
-1.306420
-1.306170
-1.305920
-1.305660
-1.305410
-1.305150
-1.304900
-1.304650
-1.304390
-1.304140
-1.303880
-1.303630
-1.303380
-1.303120
-1.302870
-1.302620
-1.302360
-1.302110
-1.301860
-1.301610
-1.301360
-1.301110
-1.300860
-1.300620
-1.300370
-1.300120
-1.299880
-1.299630
-1.299390
-1.299150
-1.298910
-1.298670
-1.298430
-1.298190
-1.297950
-1.297710
-1.297480
-1.297240
-1.297010
-1.296780
-1.296540
-1.296310
-1.296090
-1.295860
-1.295630
-1.295410
-1.295180
-1.294960
-1.294740
-1.294520
-1.294300
-1.294080
-1.293870
-1.293650
-1.293440
-1.293230
-1.293020
-1.292810
-1.292600
-1.292390
-1.292190
-1.291990
-1.291780
-1.291580
-1.291380
-1.291190
-1.290990
-1.290790
-1.290600
-1.290410
-1.290220
-1.290030
-1.289840
-1.289660
-1.289470
-1.289290
-1.289110
-1.288930
-1.288750
-1.288570
-1.288400
-1.288220
-1.288050
-1.287880
-1.287710
-1.287540
-1.287380
-1.287210
-1.287050
-1.286890
-1.286730
-1.286570
-1.286410
-1.286260
-1.286100
-1.285950
-1.285800
-1.285650
-1.285500
-1.285350
-1.285210
-1.285070
-1.284920
-1.284780
-1.284640
-1.284510
-1.284370
-1.284240
-1.284100
-1.283970
-1.283840
-1.283710
-1.283590
-1.283460
-1.283340
-1.283220
-1.283090
-1.282980
-1.282860
-1.282740
-1.282630
-1.282510
-1.282400
-1.282290
-1.282180
-1.282070
-1.281960
-1.281860
-1.281760
-1.281650
-1.281550
-1.281450
-1.281350
-1.281260
-1.281160
-1.281070
-1.280970
-1.280880
-1.280790
-1.280700
-1.280620
-1.280530
-1.280450
-1.280360
-1.280280
-1.280200
-1.280120
-1.280040
-1.279960
-1.279890
-1.279810
-1.279740
-1.279670
-1.279600
-1.279530
-1.279460
-1.279390
-1.279330
-1.279260
-1.279200
-1.279140
-1.279070
-1.279010
-1.278960
-1.278900
-1.278840
-1.278790
-1.278730
-1.278680
-1.278620
-1.278570
-1.278520
-1.278470
-1.278430
-1.278380
-1.278330
-1.278290
-1.278240
-1.278200
-1.278160
-1.278120
-1.278070
-1.278040
-1.278000
-1.277960
-1.277920
-1.277890
-1.277850
-1.277820
-1.277780
-1.277750
-1.277720
-1.277690
-1.277660
-1.277630
-1.277600
-1.277570
-1.277550
-1.277520
-1.277490
-1.277470
-1.277450
-1.277420
-1.277400
-1.277380
-1.277360
-1.277340
-1.277310
-1.277300
-1.277280
-1.277260
-1.277240
-1.277220
-1.277210
-1.277190
-1.277170
-1.277160
-1.277150
-1.277130
-1.277120
-1.277100
-1.277090
-1.277080
-1.277070
-1.277060
-1.277050
-1.277040
-1.277030
-1.277020
-1.277010
-1.277000
-1.276990
-1.276980
-1.276970
-1.276960
-1.276960
-1.276950
-1.276940
-1.276940
-1.276930
-1.276920
-1.276920
-1.276910
-1.276910
-1.276900
-1.276900
-1.276890
-1.276890
-1.276890
-1.276880
-1.276880
-1.276880
-1.276870
-1.276870
-1.276870
-1.276860
-1.276860
-1.276860
-1.276860
-1.276850
-1.276850
-1.276850
-1.276850
-1.276850
-1.276840
-1.276840
-1.276840
-1.276840
-1.276840
-1.276840
-1.276840
-1.276840
-1.276840
-1.276830
-1.276830
-1.276830
-1.276830
-1.276830
-1.276830
-1.276830
-1.276830
-1.276830
-1.276830
-1.276830
-1.276830
-1.276830
-1.276830
-1.276830
-1.276830
-1.276830
-1.276830
-1.276830
-1.276840
-1.276840
-1.276840
-1.276840
-1.276840
-1.276840
-1.276840
-1.276840
-1.276840
-1.276840
-1.276840
-1.276850
-1.276850
-1.276850
-1.276850
-1.276850
-1.276850
-1.276850
-1.276850
-1.276850
-1.276850
-1.276850
-1.276850
-1.276850
-1.276850
-1.276850
-1.276850
-1.276850
-1.276850
-1.276850
-1.276850
-1.276850
-1.276850
-1.276850
-1.276850
-1.276850
-1.276850
-1.276850
-1.276850
-1.276850
-1.276850
-1.276850
-1.276850
-1.276850
-1.276850
-1.276850
-1.276850
-1.276850
-1.276850
-1.276850
-1.276850
-1.276850
-1.276850
-1.276850
-1.276850
-1.276850
-1.276850
-1.276850
-1.276850
-1.276850
-1.276850
-1.276850
-1.276850
-1.276850
-1.276850
-1.276850
-1.276850
-1.276850
-1.276850
-1.276850
-1.276850
-1.276850
-1.276850
-1.276850
-1.276850
-1.276850
-1.276850
-1.276850
-1.276850
-1.276850
-1.276850
-1.276850
-1.276850
-1.276850
-1.276850
-1.276850
-1.276850
-1.276850
-1.276850
-1.276850
-1.276850
-1.276850
-1.276850
-1.276850
-1.276850
-1.276850
-1.276850
-1.276850
-1.276850
-1.276850
-1.276850
-1.276850
-1.276850
-1.276850
-1.276850
-1.276850
-1.276850
-1.276850
-1.276850
-1.276850
-1.276850
-1.276850
-1.276850
-1.276850
-1.276850
-1.276850
-0.112140
-0.112140
-0.112140
-0.112140
-0.112140
-0.112140
-0.112140
-0.112140
-0.112140
-0.112140
-0.112140
-0.112140
-0.112140
-0.112140
-0.112140
-0.112140
-0.112140
-0.112140
-0.112140
-0.112140
-0.112140
-0.112140
-0.112140
-0.112140
-0.112140
-0.112140
-0.112140
-0.112140
-0.112140
-0.112140
-0.112140
-0.112140
-0.112140
-0.112140
-0.112140
-0.112140
-0.112140
-0.112140
-0.112140
-0.112140
-0.112140
-0.112140
-0.112140
-0.112140
-0.112140
-0.112140
-0.110580
-0.110550
-0.110530
-0.110500
-0.110480
-0.110460
-0.110440
-0.110410
-0.110390
-0.110380
-0.110360
-0.110340
-0.110320
-0.110310
-0.110290
-0.110280
-0.110260
-0.110250
-0.110240
-0.110220
-0.110210
-0.110200
-0.110190
-0.110180
-0.110170
-0.110170
-0.110160
-0.110150
-0.110140
-0.110140
-0.110130
-0.110130
-0.110120
-0.110120
-0.110120
-0.110110
-0.110110
-0.110110
-0.110110
-0.110110
-0.110100
-0.110100
-0.110100
-0.110100
-0.110110
-0.110110
-0.110110
-0.110110
-0.110110
-0.110110
-0.110120
-0.110120
-0.110120
-0.110130
-0.110130
-0.110130
-0.110140
-0.110140
-0.110150
-0.110150
-0.110160
-0.110160
-0.110170
-0.110170
-0.110180
-0.110190
-0.110190
-0.110200
-0.110200
-0.110210
-0.110220
-0.110230
-0.110230
-0.110240
-0.110250
-0.110260
-0.110260
-0.110270
-0.110280
-0.110290
-0.110300
-0.110300
-0.110310
-0.110320
-0.110330
-0.110340
-0.110350
-0.110360
-0.110370
-0.110370
-0.110380
-0.110390
-0.110400
-0.110410
-0.110420
-0.110430
-0.110440
-0.110450
-0.110460
-0.110470
-0.110480
-0.110490
-0.110500
-0.110510
-0.110520
-0.110520
-0.110530
-0.110540
-0.110550
-0.110560
-0.110570
-0.110580
-0.110590
-0.110600
-0.110610
-0.110620
-0.110630
-0.110640
-0.110650
-0.110660
-0.110670
-0.110680
-0.110690
-0.110700
-0.110710
-0.110720
-0.110730
-0.110740
-0.110750
-0.110760
-0.110770
-0.110780
-0.110790
-0.110790
-0.110800
-0.110810
-0.110820
-0.110830
-0.110840
-0.110850
-0.110860
-0.110870
-0.110880
-0.110890
-0.110900
-0.110910
-0.110910
-0.110920
-0.110930
-0.110940
-0.110950
-0.110960
-0.110970
-0.110980
-0.110980
-0.110990
-0.111000
-0.111010
-0.111020
-0.111030
-0.111040
-0.111040
-0.111050
-0.111060
-0.111070
-0.111080
-0.111090
-0.111090
-0.111100
-0.111110
-0.111120
-0.111130
-0.111130
-0.111140
-0.111150
-0.111160
-0.111160
-0.111170
-0.111180
-0.111190
-0.111190
-0.111200
-0.111210
-0.111220
-0.111220
-0.111230
-0.111240
-0.111250
-0.111250
-0.111260
-0.111270
-0.111270
-0.111280
-0.111290
-0.111290
-0.111300
-0.111310
-0.111310
-0.111320
-0.111330
-0.111330
-0.111340
-0.111350
-0.111350
-0.111360
-0.111370
-0.111370
-0.111380
-0.111380
-0.111390
-0.111400
-0.111400
-0.111410
-0.111410
-0.111420
-0.111430
-0.111430
-0.111440
-0.111440
-0.111450
-0.111450
-0.111460
-0.111460
-0.111470
-0.111480
-0.111480
-0.111490
-0.111490
-0.111500
-0.111500
-0.111510
-0.111510
-0.111520
-0.111520
-0.111530
-0.111530
-0.111540
-0.111540
-0.111550
-0.111550
-0.111560
-0.111560
-0.111570
-0.111570
-0.111570
-0.111580
-0.111580
-0.111590
-0.111590
-0.111600
-0.111600
-0.111610
-0.111610
-0.111610
-0.111620
-0.111620
-0.111630
-0.111630
-0.111630
-0.111640
-0.111640
-0.111650
-0.111650
-0.111650
-0.111660
-0.111660
-0.111670
-0.111670
-0.111670
-0.111680
-0.111680
-0.111680
-0.111690
-0.111690
-0.111690
-0.111700
-0.111700
-0.111700
-0.111710
-0.111710
-0.111710
-0.111720
-0.111720
-0.111720
-0.111730
-0.111730
-0.111730
-0.111740
-0.111740
-0.111740
-0.111740
-0.111750
-0.111750
-0.111750
-0.111760
-0.111760
-0.111760
-0.111760
-0.111770
-0.111770
-0.111770
-0.111780
-0.111780
-0.111780
-0.111780
-0.111790
-0.111790
-0.111790
-0.111790
-0.111800
-0.111800
-0.111800
-0.111800
-0.111810
-0.111810
-0.111810
-0.111810
-0.111810
-0.111820
-0.111820
-0.111820
-0.111820
-0.111830
-0.111830
-0.111830
-0.111830
-0.111830
-0.111840
-0.111840
-0.111840
-0.111840
-0.111840
-0.111850
-0.111850
-0.111850
-0.111850
-0.111850
-0.111860
-0.111860
-0.111860
-0.111860
-0.111860
-0.111860
-0.111870
-0.111870
-0.111870
-0.111870
-0.111870
-0.111870
-0.111880
-0.111880
-0.111880
-0.111880
-0.111880
-0.111880
-0.111880
-0.111890
-0.111890
-0.111890
-0.111890
-0.111890
-0.111890
-0.111890
-0.111900
-0.111900
-0.111900
-0.111900
-0.111900
-0.111900
-0.111900
-0.111900
-0.111910
-0.111910
-0.111910
-0.111910
-0.111910
-0.111910
-0.111910
-0.111910
-0.111920
-0.111920
-0.111920
-0.111920
-0.111920
-0.111920
-0.111920
-0.111920
-0.111920
-0.111920
-0.111930
-0.111930
-0.111930
-0.111930
-0.111930
-0.111930
-0.111930
-0.111930
-0.111930
-0.111930
-0.111930
-0.111940
-0.111940
-0.111940
-0.111940
-0.111940
-0.111940
-0.111940
-0.111940
-0.111940
-0.111940
-0.111940
-0.111940
-0.111940
-0.111940
-0.111950
-0.111950
-0.111950
-0.111950
-0.111950
-0.111950
-0.111950
-0.111950
-0.111950
-0.111950
-0.111950
-0.111950
-0.111950
-0.111950
-0.111950
-0.111950
-0.111950
-0.111950
-0.111960
-0.111960
-0.111960
-0.111960
-0.111960
-0.111960
-0.111960
-0.111960
-0.111960
-0.111960
-0.111960
-0.111960
-0.111960
-0.111960
-0.111960
-0.111960
-0.111960
-0.111960
-0.111960
-0.111960
-0.111960
-0.111960
0.025660
0.025660
0.025660
0.025660
0.025660
0.025660
0.025660
0.025660
0.025660
0.025660
0.025660
0.025660
0.025660
0.025660
0.025660
0.025660
0.025660
0.025660
0.025660
0.025660
0.025660
0.025660
0.025660
0.025660
0.025660
0.025660
0.025660
0.025660
0.025660
0.025660
0.025660
0.025660
0.025660
0.025660
0.025660
0.025660
0.025660
0.025660
0.025660
0.025660
0.025660
0.025660
0.025660
0.025660
0.025660
0.025660
0.025660
0.025660
0.025660
0.025660
0.025660
0.025660
0.025660
0.025660
0.025660
0.025660
0.025660
0.025660
0.025660
0.025660
0.025660
0.025660
0.025660
0.025660
0.025660
0.025660
0.025660
0.025660
0.025660
0.025660
0.025660
0.025660
0.025660
0.025660
0.025660
0.025660
0.025660
0.025660
0.025660
0.025660
0.025660
0.025660
0.025660
0.025660
0.025660
0.025660
0.025660
0.025660
0.025660
0.025660
0.025660
0.025660
0.025660
0.025660
0.025660
0.025660
0.025660
0.025660
0.025660
0.025660
0.025660
0.025660
0.025660
0.025660
0.025660
0.025660
0.025660
0.025660
0.025660
0.025660
0.025660
0.025660
0.025660
0.025660
0.025660
0.025660
0.025660
0.025660
0.025660
0.025660
0.025660
0.025660
0.025660
0.025660
0.025660
0.025660
0.025660
0.025660
0.025660
0.025660
0.025660
0.025660
0.025660
0.025660
0.025660
0.025660
0.025660
0.025660
0.025660
0.025660
0.025660
0.025660
0.025660
0.025660
0.025660
0.025660
0.025660
0.025660
0.025660
0.025660
0.025660
0.025660
0.025660
0.025660
0.025660
0.025660
0.025660
0.025660
0.025660
0.025660
0.025660
0.025660
0.025660
0.025660
0.025660
0.025660
0.025660
0.025660
0.025660
0.025660
0.025660
0.025660
0.025660
0.025660
0.025660
0.025660
0.025660
0.025660
0.025660
0.025660
0.025660
0.025660
0.025660
0.025660
0.025660
0.025660
0.025660
0.025660
0.025660
0.025660
0.025660
0.025660
0.025660
0.025660
0.025660
0.025660
0.025660
0.025660
0.025660
0.025660
0.025660
0.025660
0.025660
0.025660
0.025660
0.025660
0.025660
0.025660
0.025660
0.025660
0.025660
0.025660
0.025660
0.025660
0.025660
0.025660
0.025660
0.025660
0.025660
0.025660
0.025660
0.025660
0.025660
0.025660
0.025660
0.025660
0.025660
0.025660
0.025660
0.025660
0.025660
0.025660
0.025660
0.025660
0.025660
0.025660
0.025660
0.025660
0.025660
0.025660
0.025660
0.025660
0.025660
0.025660
0.025660
0.025660
0.025660
0.025660
0.025660
0.025660
0.025660
0.025660
0.025660
0.025660
0.025660
0.025660
0.025660
0.025660
0.025660
0.025660
0.025660
0.025660
0.025660
0.025660
0.025660
0.025660
0.025660
0.025660
0.025660
0.025660
0.025660
0.025660
0.025660
0.025660
0.025660
0.025660
0.025660
0.025660
0.025660
0.025660
0.025660
0.025660
0.025660
0.025660
0.025660
0.025660
0.025660
0.025660
0.025660
0.025660
0.025660
0.025660
0.025660
0.025660
0.025660
0.025660
0.025660
0.025660
0.025660
0.025660
0.025660
0.025660
0.025660
0.025660
0.025660
0.025660
0.025660
0.025660
0.025660
0.025660
0.025660
0.025660
0.025660
0.025660
0.025660
0.025660
0.025660
0.025660
0.025660
0.025660
0.025660
0.025660
0.025660
0.025660
0.025660
0.025660
0.025660
0.025660
0.025660
0.025660
0.025660
0.025660
0.025660
0.025660
0.025660
0.025660
0.025660
0.025660
0.025660
0.025660
0.025660
0.025660
0.025660
0.025660
0.025660
0.025660
0.025660
0.025660
0.025660
0.025660
0.025660
0.025660
0.025660
0.025660
0.025660
0.025660
0.025660
0.025660
0.025660
0.025660
0.025660
0.025660
0.025660
0.025660
0.025660
0.025660
0.025660
0.025660
0.025660
0.025660
0.025660
0.025660
0.025660
0.025660
0.025660
0.025660
0.025660
0.025660
0.025660
0.025660
0.025660
0.025660
0.025660
0.025660
0.025660
0.025660
0.025660
0.025660
0.025660
0.025660
0.025660
0.025660
0.025660
0.025660
0.025660
0.025660
0.025660
0.025660
0.025660
0.025660
0.025660
0.025660
0.025660
0.025660
0.025660
0.025660
0.025660
0.025660
0.025660
0.025660
0.025660
0.025660
0.025660
0.025660
0.025660
0.025660
0.025660
0.025660
0.025660
0.025660
0.025660
0.025660
0.025660
0.025660
0.025660
0.025660
0.025660
0.025660
0.025660
0.025660
0.025660
0.025660
0.025660
0.025660
0.025660
0.025660
0.025660
0.025660
0.025660
0.025660
0.025660
0.025660
0.025660
0.025660
0.025660
0.025660
0.025660
0.025660
0.025660
0.025660
0.025660
0.025660
0.025660
0.025660
0.025660
0.025660
0.025660
0.025660
0.025660
0.025660
0.025660
0.025660
0.025660
0.025660
0.025660
0.025660
0.025660
0.025660
0.025660
0.025660
0.025660
0.025660
0.025660
0.025660
0.025660
0.025660
0.025660
0.025660
0.025660
0.025660
0.025660
0.025660
0.025660
0.025660
0.025660
0.025660
0.025660
0.025660
0.025660
0.025660
0.025660
0.025660
0.025660
0.025660
0.025660
0.025660
0.025660
0.025660
0.025660
0.025660
0.001020
0.001020
0.001020
0.001020
0.001020
0.001020
0.001020
0.001020
0.001020
0.001020
0.001020
0.001020
0.001020
0.001020
0.001020
0.001020
0.001020
0.001020
0.001020
0.001020
0.001020
0.001020
0.001020
0.001020
0.001020
0.001020
0.001020
0.001020
0.001020
0.001020
0.001020
0.001020
0.001020
0.001020
0.001020
0.001020
0.001020
0.001020
0.001020
0.001020
0.001020
0.001020
0.001020
0.001020
0.001020
0.001020
0.001020
0.001020
0.001020
0.001020
0.001020
0.001020
0.001020
0.001020
0.001020
0.001020
0.001020
0.001020
0.001020
0.001020
0.001020
0.001020
0.001020
0.001020
0.001020
0.001020
0.001020
0.001020
0.001020
0.001020
0.001020
0.001020
0.001020
0.001020
0.001020
0.001020
0.001020
0.001020
0.001020
0.001020
0.001020
0.001020
0.001020
0.001020
0.001020
0.001020
0.001020
0.001020
0.001020
0.001020
0.001020
0.001020
0.001020
0.001020
0.001020
0.001020
0.001020
0.001020
0.001020
0.001020
0.001020
0.001020
0.001020
0.001020
0.001020
0.001020
0.001020
0.001020
0.001020
0.001020
0.001020
0.001020
0.001020
0.001020
0.001020
0.001020
0.001020
0.001020
0.001020
0.001020
0.001020
0.001020
0.001020
0.001020
0.001020
0.001020
0.001020
0.001020
0.001020
0.001020
0.001020
0.001020
0.001020
0.001020
0.001020
0.001020
0.001020
0.001020
0.001020
0.001020
0.001020
0.001020
0.001020
0.001020
0.001020
0.001020
0.001020
0.001020
0.001020
0.001020
0.001020
0.001020
0.001020
0.001020
0.001020
0.001020
0.001020
0.001020
0.001020
0.001020
0.001020
0.001020
0.001020
0.001020
0.001020
0.001020
0.001020
0.001020
0.001020
0.001020
0.001020
0.001020
0.001020
0.001020
0.001020
0.001020
0.001020
0.001020
0.001020
0.001020
0.001020
0.001020
0.001020
0.001020
0.001020
0.001020
0.001020
0.001020
0.001020
0.001020
0.001020
0.001020
0.001020
0.001020
0.001020
0.001020
0.001020
0.001020
0.001020
0.001020
0.001020
0.001020
0.001020
0.001020
0.001020
0.001020
0.001020
0.001020
0.001020
0.001020
0.001020
0.001020
0.001020
0.001020
0.001020
0.001020
0.001020
0.001020
0.001020
0.001020
0.001020
0.001020
0.001020
0.001020
0.001020
0.001020
0.001020
0.001020
0.001020
0.001020
0.001020
0.001020
0.001020
0.001020
0.001020
0.001020
0.001020
0.001020
0.001020
0.001020
0.001020
0.001020
0.001020
0.001020
0.001020
0.001020
0.001020
0.001020
0.001020
0.001020
0.001020
0.001020
0.001020
0.001020
0.001020
0.001020
0.001020
0.001020
0.001020
0.001020
0.001020
0.001020
0.001020
0.001020
0.001020
0.001020
0.001020
0.001020
0.001020
0.001020
0.001020
0.001020
0.001020
0.001020
0.001020
0.001020
0.001020
0.001020
0.001020
0.001020
0.001020
0.001020
0.001020
0.001020
0.001020
0.001020
0.001020
0.001020
0.001020
0.001020
0.001020
0.001020
0.001020
0.001020
0.001020
0.001020
0.001020
0.001020
0.001020
0.001020
0.001020
0.001020
0.001020
0.001020
0.001020
0.001020
0.001020
0.001020
0.001020
0.001020
0.001020
0.001020
0.001020
0.001020
0.001020
0.001020
0.001020
0.001020
0.001020
0.001020
0.001020
0.001020
0.001020
0.001020
0.001020
0.001020
0.001020
0.001020
0.001020
0.001020
0.001020
0.001020
0.001020
0.001020
0.001020
0.001020
0.001020
0.001020
0.001020
0.001020
0.001020
0.001020
0.001020
0.001020
0.001020
0.001020
0.001020
0.001020
0.001020
0.001020
0.001020
0.001020
0.001020
0.001020
0.001020
0.001020
0.001020
0.001020
0.001020
0.001020
0.001020
0.001020
0.001020
0.001020
0.001020
0.001020
0.001020
0.001020
0.001020
0.001020
0.001020
0.001020
0.001020
0.001020
0.001020
0.001020
0.001020
0.001020
0.001020
0.001020
0.001020
0.001020
0.001020
0.001020
0.001020
0.001020
0.001020
0.001020
0.001020
0.001020
0.001020
0.001020
0.001020
0.001020
0.001020
0.001020
0.001020
0.001020
0.001020
0.001020
0.001020
0.001020
0.001020
0.001020
0.001020
0.001020
0.001020
0.001020
0.001020
0.001020
0.001020
0.001020
0.001020
0.001020
0.001020
0.001020
0.001020
0.001020
0.001020
0.001020
0.001020
0.001020
0.001020
0.001020
0.001020
0.001020
0.001020
0.001020
0.001020
0.001020
0.001020
0.001020
0.001020
0.001020
0.001020
0.001020
0.001020
0.001020
0.001020
0.001020
0.001020
0.001020
0.001020
0.001020
0.001020
0.001020
0.001020
0.001020
0.001020
0.001020
0.001020
0.001020
0.001020
0.001020
0.001020
0.001020
0.001020
0.001020
0.001020
0.001020
0.001020
0.001020
0.001020
0.001020
0.001020
0.001020
0.001020
0.001020
0.001020
0.001020
0.001020
0.001020
0.001020
0.001020
0.001020
0.001020
0.001020
0.001020
0.001020
0.001020
0.001020
0.001020
0.001020
0.001020
0.001020
0.001020
0.001020
0.001020
0.001020
0.001020
0.001020
0.001020
0.001020
0.001020
0.001020
0.001020
0.001020
0.001020
0.001020
0.001020
-0.001250
-0.001250
-0.001250
-0.001250
-0.001250
-0.001250
-0.001250
-0.001250
-0.001250
-0.001250
-0.001250
-0.001250
-0.001250
-0.001250
-0.001250
-0.001250
-0.001250
-0.001250
-0.001250
-0.001250
-0.001250
-0.001250
-0.001250
-0.001250
-0.001250
-0.001250
-0.001250
-0.001250
-0.001250
-0.001250
-0.001250
-0.001250
-0.001250
-0.001250
-0.001250
-0.001250
-0.001250
-0.001250
-0.001250
-0.001250
-0.001250
-0.001250
-0.001250
-0.001250
-0.001250
-0.001250
-0.001250
-0.001250
-0.001250
-0.001250
-0.001250
-0.001250
-0.001250
-0.001250
-0.001250
-0.001250
-0.001250
-0.001250
-0.001250
-0.001250
-0.001250
-0.001250
-0.001250
-0.001250
-0.001250
-0.001250
-0.001250
-0.001250
-0.001250
-0.001250
-0.001250
-0.001250
-0.001250
-0.001250
-0.001250
-0.001250
-0.001250
-0.001250
-0.001250
-0.001250
-0.001250
-0.001250
-0.001250
-0.001250
-0.001250
-0.001250
-0.001250
-0.001250
-0.001250
-0.001250
-0.001250
-0.001250
-0.001250
-0.001250
-0.001250
-0.001250
-0.001250
-0.001250
-0.001250
-0.001250
-0.001250
-0.001250
-0.001250
-0.001250
-0.001250
-0.001250
-0.001250
-0.001250
-0.001250
-0.001250
-0.001250
-0.001250
-0.001250
-0.001250
-0.001250
-0.001250
-0.001250
-0.001250
-0.001250
-0.001250
-0.001250
-0.001250
-0.001250
-0.001250
-0.001250
-0.001250
-0.001250
-0.001250
-0.001250
-0.001250
-0.001250
-0.001250
-0.001250
-0.001250
-0.001250
-0.001250
-0.001250
-0.001250
-0.001250
-0.001250
-0.001250
-0.001250
-0.001250
-0.001250
-0.001250
-0.001250
-0.001250
-0.001250
-0.001250
-0.001250
-0.001250
-0.001250
-0.001250
-0.001250
-0.001250
-0.001250
-0.001250
-0.001250
-0.001250
-0.001250
-0.001250
-0.001250
-0.001250
-0.001250
-0.001250
-0.001250
-0.001250
-0.001250
-0.001250
-0.001250
-0.001250
-0.001250
-0.001250
-0.001250
-0.001250
-0.001250
-0.001250
-0.001250
-0.001250
-0.001250
-0.001250
-0.001250
-0.001250
-0.001250
-0.001250
-0.001250
-0.001250
-0.001250
-0.001250
-0.001250
-0.001250
-0.001250
-0.001250
-0.001250
-0.001250
-0.001250
-0.001250
-0.001250
-0.001250
-0.001250
-0.001250
-0.001250
-0.001250
-0.001250
-0.001250
-0.001250
-0.001250
-0.001250
-0.001250
-0.001250
-0.001250
-0.001250
-0.001250
-0.001250
-0.001250
-0.001250
-0.001250
-0.001250
-0.001250
-0.001250
-0.001250
-0.001250
-0.001250
-0.001250
-0.001250
-0.001250
-0.001250
-0.001250
-0.001250
-0.001250
-0.001250
-0.001250
-0.001250
-0.001250
-0.001250
-0.001250
-0.001250
-0.001250
-0.001250
-0.001250
-0.001250
-0.001250
-0.001250
-0.001250
-0.001250
-0.001250
-0.001250
-0.001250
-0.001250
-0.001250
-0.001250
-0.001250
-0.001250
-0.001250
-0.001250
-0.001250
-0.001250
-0.001250
-0.001250
-0.001250
-0.001250
-0.001250
-0.001250
-0.001250
-0.001250
-0.001250
-0.001250
-0.001250
-0.001250
-0.001250
-0.001250
-0.001250
-0.001250
-0.001250
-0.001250
-0.001250
-0.001250
-0.001250
-0.001250
-0.001250
-0.001250
-0.001250
-0.001250
-0.001250
-0.001250
-0.001250
-0.001250
-0.001250
-0.001250
-0.001250
-0.001250
-0.001250
-0.001250
-0.001250
-0.001250
-0.001250
-0.001250
-0.001250
-0.001250
-0.001250
-0.001250
-0.001250
-0.001250
-0.001250
-0.001250
-0.001250
-0.001250
-0.001250
-0.001250
-0.001250
-0.001250
-0.001250
-0.001250
-0.001250
-0.001250
-0.001250
-0.001250
-0.001250
-0.001250
-0.001250
-0.001250
-0.001250
-0.001250
-0.001250
-0.001250
-0.001250
-0.001250
-0.001250
-0.001250
-0.001250
-0.001250
-0.001250
-0.001250
-0.001250
-0.001250
-0.001250
-0.001250
-0.001250
-0.001250
-0.001250
-0.001250
-0.001250
-0.001250
-0.001250
-0.001250
-0.001250
-0.001250
-0.001250
-0.001250
-0.001250
-0.001250
-0.001250
-0.001250
-0.001250
-0.001250
-0.001250
-0.001250
-0.001250
-0.001250
-0.001250
-0.001250
-0.001250
-0.001250
-0.001250
-0.001250
-0.001250
-0.001250
-0.001250
-0.001250
-0.001250
-0.001250
-0.001250
-0.001250
-0.001250
-0.001250
-0.001250
-0.001250
-0.001250
-0.001250
-0.001250
-0.001250
-0.001250
-0.001250
-0.001250
-0.001250
-0.001250
-0.001250
-0.001250
-0.001250
-0.001250
-0.001250
-0.001250
-0.001250
-0.001250
-0.001250
-0.001250
-0.001250
-0.001250
-0.001250
-0.001250
-0.001250
-0.001250
-0.001250
-0.001250
-0.001250
-0.001250
-0.001250
-0.001250
-0.001250
-0.001250
-0.001250
-0.001250
-0.001250
-0.001250
-0.001250
-0.001250
-0.001250
-0.001250
-0.001250
-0.001250
-0.001250
-0.001250
-0.001250
-0.001250
-0.001250
-0.001250
-0.001250
-0.001250
-0.001250
-0.001250
-0.001250
-0.001250
-0.001250
-0.001250
-0.001250
-0.001250
-0.001250
-0.001250
-0.001250
-0.001250
-0.001250
-0.001250
-0.001250
-0.001250
-0.001250
-0.001250
-0.001250
-0.001250
-0.001250
-0.001250
-0.001250
-0.001250
-0.001250
-0.001250
-0.001250
-0.001250
-0.001250
-0.001250
-0.001250
-0.001250
-0.001250
-0.001250
-0.001250
-0.001250
-0.001250
-0.001250
-0.001250
-0.001250
-0.001250
-0.001250
-0.001250
-0.001250
-0.001250
-0.001250
-0.001250
-0.001250
-0.001250
-0.001250
-0.001250
-0.001250
-0.001250
-0.001250
-0.001250
-0.001250
-0.001250
-0.001250
-0.001250
-0.001250
-0.001250
-0.001250
-0.001250
-0.001250
-0.001250
-0.001250
-0.001250
-0.001250
-0.001250
-0.001250
-0.001250
-0.001250
-0.000650
-0.000650
-0.000650
-0.000650
-0.000650
-0.000650
-0.000650
-0.000650
-0.000650
-0.000650
-0.000650
-0.000650
-0.000650
-0.000650
-0.000650
-0.000650
-0.000650
-0.000650
-0.000650
-0.000650
-0.000650
-0.000650
-0.000650
-0.000650
-0.000650
-0.000650
-0.000650
-0.000650
-0.000650
-0.000650
-0.000650
-0.000650
-0.000650
-0.000650
-0.000650
-0.000650
-0.000650
-0.000650
-0.000650
-0.000650
-0.000650
-0.000650
-0.000650
-0.000650
-0.000650
-0.000650
-0.000650
-0.000650
-0.000650
-0.000650
-0.000650
-0.000650
-0.000650
-0.000650
-0.000650
-0.000650
-0.000650
-0.000650
-0.000650
-0.000650
-0.000650
-0.000650
-0.000650
-0.000650
-0.000650
-0.000650
-0.000650
-0.000650
-0.000650
-0.000650
-0.000650
-0.000650
-0.000650
-0.000650
-0.000650
-0.000650
-0.000650
-0.000650
-0.000650
-0.000650
-0.000650
-0.000650
-0.000650
-0.000650
-0.000650
-0.000650
-0.000650
-0.000650
-0.000650
-0.000650
-0.000650
-0.000650
-0.000650
-0.000650
-0.000650
-0.000650
-0.000650
-0.000650
-0.000650
-0.000650
-0.000650
-0.000650
-0.000650
-0.000650
-0.000650
-0.000650
-0.000650
-0.000650
-0.000650
-0.000650
-0.000650
-0.000650
-0.000650
-0.000650
-0.000650
-0.000650
-0.000650
-0.000650
-0.000650
-0.000650
-0.000650
-0.000650
-0.000650
-0.000650
-0.000650
-0.000650
-0.000650
-0.000650
-0.000650
-0.000650
-0.000650
-0.000650
-0.000650
-0.000650
-0.000650
-0.000650
-0.000650
-0.000650
-0.000650
-0.000650
-0.000650
-0.000650
-0.000650
-0.000650
-0.000650
-0.000650
-0.000650
-0.000650
-0.000650
-0.000650
-0.000650
-0.000650
-0.000650
-0.000650
-0.000650
-0.000650
-0.000650
-0.000650
-0.000650
-0.000650
-0.000650
-0.000650
-0.000650
-0.000650
-0.000650
-0.000650
-0.000650
-0.000650
-0.000650
-0.000650
-0.000650
-0.000650
-0.000650
-0.000650
-0.000650
-0.000650
-0.000650
-0.000650
-0.000650
-0.000650
-0.000650
-0.000650
-0.000650
-0.000650
-0.000650
-0.000650
-0.000650
-0.000650
-0.000650
-0.000650
-0.000650
-0.000650
-0.000650
-0.000650
-0.000650
-0.000650
-0.000650
-0.000650
-0.000650
-0.000650
-0.000650
-0.000650
-0.000650
-0.000650
-0.000650
-0.000650
-0.000650
-0.000650
-0.000650
-0.000650
-0.000650
-0.000650
-0.000650
-0.000650
-0.000650
-0.000650
-0.000650
-0.000650
-0.000650
-0.000650
-0.000650
-0.000650
-0.000650
-0.000650
-0.000650
-0.000650
-0.000650
-0.000650
-0.000650
-0.000650
-0.000650
-0.000650
-0.000650
-0.000650
-0.000650
-0.000650
-0.000650
-0.000650
-0.000650
-0.000650
-0.000650
-0.000650
-0.000650
-0.000650
-0.000650
-0.000650
-0.000650
-0.000650
-0.000650
-0.000650
-0.000650
-0.000650
-0.000650
-0.000650
-0.000650
-0.000650
-0.000650
-0.000650
-0.000650
-0.000650
-0.000650
-0.000650
-0.000650
-0.000650
-0.000650
-0.000650
-0.000650
-0.000650
-0.000650
-0.000650
-0.000650
-0.000650
-0.000650
-0.000650
-0.000650
-0.000650
-0.000650
-0.000650
-0.000650
-0.000650
-0.000650
-0.000650
-0.000650
-0.000650
-0.000650
-0.000650
-0.000650
-0.000650
-0.000650
-0.000650
-0.000650
-0.000650
-0.000650
-0.000650
-0.000650
-0.000650
-0.000650
-0.000650
-0.000650
-0.000650
-0.000650
-0.000650
-0.000650
-0.000650
-0.000650
-0.000650
-0.000650
-0.000650
-0.000650
-0.000650
-0.000650
-0.000650
-0.000650
-0.000650
-0.000650
-0.000650
-0.000650
-0.000650
-0.000650
-0.000650
-0.000650
-0.000650
-0.000650
-0.000650
-0.000650
-0.000650
-0.000650
-0.000650
-0.000650
-0.000650
-0.000650
-0.000650
-0.000650
-0.000650
-0.000650
-0.000650
-0.000650
-0.000650
-0.000650
-0.000650
-0.000650
-0.000650
-0.000650
-0.000650
-0.000650
-0.000650
-0.000650
-0.000650
-0.000650
-0.000650
-0.000650
-0.000650
-0.000650
-0.000650
-0.000650
-0.000650
-0.000650
-0.000650
-0.000650
-0.000650
-0.000650
-0.000650
-0.000650
-0.000650
-0.000650
-0.000650
-0.000650
-0.000650
-0.000650
-0.000650
-0.000650
-0.000650
-0.000650
-0.000650
-0.000650
-0.000650
-0.000650
-0.000650
-0.000650
-0.000650
-0.000650
-0.000650
-0.000650
-0.000650
-0.000650
-0.000650
-0.000650
-0.000650
-0.000650
-0.000650
-0.000650
-0.000650
-0.000650
-0.000650
-0.000650
-0.000650
-0.000650
-0.000650
-0.000650
-0.000650
-0.000650
-0.000650
-0.000650
-0.000650
-0.000650
-0.000650
-0.000650
-0.000650
-0.000650
-0.000650
-0.000650
-0.000650
-0.000650
-0.000650
-0.000650
-0.000650
-0.000650
-0.000650
-0.000650
-0.000650
-0.000650
-0.000650
-0.000650
-0.000650
-0.000650
-0.000650
-0.000650
-0.000650
-0.000650
-0.000650
-0.000650
-0.000650
-0.000650
-0.000650
-0.000650
-0.000650
-0.000650
-0.000650
-0.000650
-0.000650
-0.000650
-0.000650
-0.000650
-0.000650
-0.000650
-0.000650
-0.000650
-0.000650
-0.000650
-0.000650
-0.000650
-0.000650
-0.000650
-0.000650
-0.000650
-0.000650
-0.000650
-0.000650
-0.000650
-0.000650
-0.000650
-0.000650
-0.000650
-0.000650
-0.000650
-0.000650
-0.000650
-0.000650
-0.000650
-0.000650
-0.000650
-0.000650
-0.000650
-0.000650
-0.000650
-0.000650
-0.000650
-0.000650
-0.000650
-0.000650
-0.000650
-0.000650
-0.000650
-0.000650
-0.000650
-0.000650
-0.000650
-0.000650
-0.000650
-0.000650
-0.000650
-0.000650
-0.000650
-0.000650
-0.000650
-0.000650
-0.000650
-0.000650
-0.000650
-0.000650
-0.000260
-0.000260
-0.000260
-0.000260
-0.000260
-0.000260
-0.000260
-0.000260
-0.000260
-0.000260
-0.000260
-0.000260
-0.000260
-0.000260
-0.000260
-0.000260
-0.000260
-0.000260
-0.000260
-0.000260
-0.000260
-0.000260
-0.000260
-0.000260
-0.000260
-0.000260
-0.000260
-0.000260
-0.000260
-0.000260
-0.000260
-0.000260
-0.000260
-0.000260
-0.000260
-0.000260
-0.000260
-0.000260
-0.000260
-0.000260
-0.000260
-0.000260
-0.000260
-0.000260
-0.000260
-0.000260
-0.000260
-0.000260
-0.000260
-0.000260
-0.000260
-0.000260
-0.000260
-0.000260
-0.000260
-0.000260
-0.000260
-0.000260
-0.000260
-0.000260
-0.000260
-0.000260
-0.000260
-0.000260
-0.000260
-0.000260
-0.000260
-0.000260
-0.000260
-0.000260
-0.000260
-0.000260
-0.000260
-0.000260
-0.000260
-0.000260
-0.000260
-0.000260
-0.000260
-0.000260
-0.000260
-0.000260
-0.000260
-0.000260
-0.000260
-0.000260
-0.000260
-0.000260
-0.000260
-0.000260
-0.000260
-0.000260
-0.000260
-0.000260
-0.000260
-0.000260
-0.000260
-0.000260
-0.000260
-0.000260
-0.000260
-0.000260
-0.000260
-0.000260
-0.000260
-0.000260
-0.000260
-0.000260
-0.000260
-0.000260
-0.000260
-0.000260
-0.000260
-0.000260
-0.000260
-0.000260
-0.000260
-0.000260
-0.000260
-0.000260
-0.000260
-0.000260
-0.000260
-0.000260
-0.000260
-0.000260
-0.000260
-0.000260
-0.000260
-0.000260
-0.000260
-0.000260
-0.000260
-0.000260
-0.000260
-0.000260
-0.000260
-0.000260
-0.000260
-0.000260
-0.000260
-0.000260
-0.000260
-0.000260
-0.000260
-0.000260
-0.000260
-0.000260
-0.000260
-0.000260
-0.000260
-0.000260
-0.000260
-0.000260
-0.000260
-0.000260
-0.000260
-0.000260
-0.000260
-0.000260
-0.000260
-0.000260
-0.000260
-0.000260
-0.000260
-0.000260
-0.000260
-0.000260
-0.000260
-0.000260
-0.000260
-0.000260
-0.000260
-0.000260
-0.000260
-0.000260
-0.000260
-0.000260
-0.000260
-0.000260
-0.000260
-0.000260
-0.000260
-0.000260
-0.000260
-0.000260
-0.000260
-0.000260
-0.000260
-0.000260
-0.000260
-0.000260
-0.000260
-0.000260
-0.000260
-0.000260
-0.000260
-0.000260
-0.000260
-0.000260
-0.000260
-0.000260
-0.000260
-0.000260
-0.000260
-0.000260
-0.000260
-0.000260
-0.000260
-0.000260
-0.000260
-0.000260
-0.000260
-0.000260
-0.000260
-0.000260
-0.000260
-0.000260
-0.000260
-0.000260
-0.000260
-0.000260
-0.000260
-0.000260
-0.000260
-0.000260
-0.000260
-0.000260
-0.000260
-0.000260
-0.000260
-0.000260
-0.000260
-0.000260
-0.000260
-0.000260
-0.000260
-0.000260
-0.000260
-0.000260
-0.000260
-0.000260
-0.000260
-0.000260
-0.000260
-0.000260
-0.000260
-0.000260
-0.000260
-0.000260
-0.000260
-0.000260
-0.000260
-0.000260
-0.000260
-0.000260
-0.000260
-0.000260
-0.000260
-0.000260
-0.000260
-0.000260
-0.000260
-0.000260
-0.000260
-0.000260
-0.000260
-0.000260
-0.000260
-0.000260
-0.000260
-0.000260
-0.000260
-0.000260
-0.000260
-0.000260
-0.000260
-0.000260
-0.000260
-0.000260
-0.000260
-0.000260
-0.000260
-0.000260
-0.000260
-0.000260
-0.000260
-0.000260
-0.000260
-0.000260
-0.000260
-0.000260
-0.000260
-0.000260
-0.000260
-0.000260
-0.000260
-0.000260
-0.000260
-0.000260
-0.000260
-0.000260
-0.000260
-0.000260
-0.000260
-0.000260
-0.000260
-0.000260
-0.000260
-0.000260
-0.000260
-0.000260
-0.000260
-0.000260
-0.000260
-0.000260
-0.000260
-0.000260
-0.000260
-0.000260
-0.000260
-0.000260
-0.000260
-0.000260
-0.000260
-0.000260
-0.000260
-0.000260
-0.000260
-0.000260
-0.000260
-0.000260
-0.000260
-0.000260
-0.000260
-0.000260
-0.000260
-0.000260
-0.000260
-0.000260
-0.000260
-0.000260
-0.000260
-0.000260
-0.000260
-0.000260
-0.000260
-0.000260
-0.000260
-0.000260
-0.000260
-0.000260
-0.000260
-0.000260
-0.000260
-0.000260
-0.000260
-0.000260
-0.000260
-0.000260
-0.000260
-0.000260
-0.000260
-0.000260
-0.000260
-0.000260
-0.000260
-0.000260
-0.000260
-0.000260
-0.000260
-0.000260
-0.000260
-0.000260
-0.000260
-0.000260
-0.000260
-0.000260
-0.000260
-0.000260
-0.000260
-0.000260
-0.000260
-0.000260
-0.000260
-0.000260
-0.000260
-0.000260
-0.000260
-0.000260
-0.000260
-0.000260
-0.000260
-0.000260
-0.000260
-0.000260
-0.000260
-0.000260
-0.000260
-0.000260
-0.000260
-0.000260
-0.000260
-0.000260
-0.000260
-0.000260
-0.000260
-0.000260
-0.000260
-0.000260
-0.000260
-0.000260
-0.000260
-0.000260
-0.000260
-0.000260
-0.000260
-0.000260
-0.000260
-0.000260
-0.000260
-0.000260
-0.000260
-0.000260
-0.000260
-0.000260
-0.000260
-0.000260
-0.000260
-0.000260
-0.000260
-0.000260
-0.000260
-0.000260
-0.000260
-0.000260
-0.000260
-0.000260
-0.000260
-0.000260
-0.000260
-0.000260
-0.000260
-0.000260
-0.000260
-0.000260
-0.000260
-0.000260
-0.000260
-0.000260
-0.000260
-0.000260
-0.000260
-0.000260
-0.000260
-0.000260
-0.000260
-0.000260
-0.000260
-0.000260
-0.000260
-0.000260
-0.000260
-0.000260
-0.000260
-0.000260
-0.000260
-0.000260
-0.000260
-0.000260
-0.000260
-0.000260
-0.000260
-0.000260
-0.000260
-0.000260
-0.000260
-0.000260
-0.000260
-0.000260
-0.000260
-0.000260
-0.000260
-0.000260
-0.000260
-0.000260
-0.000260
-0.000260
-0.000260
-0.000260
-0.000260
-0.000260
-0.000260
-0.000260
-0.000260
-0.000260
-0.000260
-0.000260
-0.000260
-0.000260
-0.000100
-0.000100
-0.000100
-0.000100
-0.000100
-0.000100
-0.000100
-0.000100
-0.000100
-0.000100
-0.000100
-0.000100
-0.000100
-0.000100
-0.000100
-0.000100
-0.000100
-0.000100
-0.000100
-0.000100
-0.000100
-0.000100
-0.000100
-0.000100
-0.000100
-0.000100
-0.000100
-0.000100
-0.000100
-0.000100
-0.000100
-0.000100
-0.000100
-0.000100
-0.000100
-0.000100
-0.000100
-0.000100
-0.000100
-0.000100
-0.000100
-0.000100
-0.000100
-0.000100
-0.000100
-0.000100
-0.000100
-0.000100
-0.000100
-0.000100
-0.000100
-0.000100
-0.000100
-0.000100
-0.000100
-0.000100
-0.000100
-0.000100
-0.000100
-0.000100
-0.000100
-0.000100
-0.000100
-0.000100
-0.000100
-0.000100
-0.000100
-0.000100
-0.000100
-0.000100
-0.000100
-0.000100
-0.000100
-0.000100
-0.000100
-0.000100
-0.000100
-0.000100
-0.000100
-0.000100
-0.000100
-0.000100
-0.000100
-0.000100
-0.000100
-0.000100
-0.000100
-0.000100
-0.000100
-0.000100
-0.000100
-0.000100
-0.000100
-0.000100
-0.000100
-0.000100
-0.000100
-0.000100
-0.000100
-0.000100
-0.000100
-0.000100
-0.000100
-0.000100
-0.000100
-0.000100
-0.000100
-0.000100
-0.000100
-0.000100
-0.000100
-0.000100
-0.000100
-0.000100
-0.000100
-0.000100
-0.000100
-0.000100
-0.000100
-0.000100
-0.000100
-0.000100
-0.000100
-0.000100
-0.000100
-0.000100
-0.000100
-0.000100
-0.000100
-0.000100
-0.000100
-0.000100
-0.000100
-0.000100
-0.000100
-0.000100
-0.000100
-0.000100
-0.000100
-0.000100
-0.000100
-0.000100
-0.000100
-0.000100
-0.000100
-0.000100
-0.000100
-0.000100
-0.000100
-0.000100
-0.000100
-0.000100
-0.000100
-0.000100
-0.000100
-0.000100
-0.000100
-0.000100
-0.000100
-0.000100
-0.000100
-0.000100
-0.000100
-0.000100
-0.000100
-0.000100
-0.000100
-0.000100
-0.000100
-0.000100
-0.000100
-0.000100
-0.000100
-0.000100
-0.000100
-0.000100
-0.000100
-0.000100
-0.000100
-0.000100
-0.000100
-0.000100
-0.000100
-0.000100
-0.000100
-0.000100
-0.000100
-0.000100
-0.000100
-0.000100
-0.000100
-0.000100
-0.000100
-0.000100
-0.000100
-0.000100
-0.000100
-0.000100
-0.000100
-0.000100
-0.000100
-0.000100
-0.000100
-0.000100
-0.000100
-0.000100
-0.000100
-0.000100
-0.000100
-0.000100
-0.000100
-0.000100
-0.000100
-0.000100
-0.000100
-0.000100
-0.000100
-0.000100
-0.000100
-0.000100
-0.000100
-0.000100
-0.000100
-0.000100
-0.000100
-0.000100
-0.000100
-0.000100
-0.000100
-0.000100
-0.000100
-0.000100
-0.000100
-0.000100
-0.000100
-0.000100
-0.000100
-0.000100
-0.000100
-0.000100
-0.000100
-0.000100
-0.000100
-0.000100
-0.000100
-0.000100
-0.000100
-0.000100
-0.000100
-0.000100
-0.000100
-0.000100
-0.000100
-0.000100
-0.000100
-0.000100
-0.000100
-0.000100
-0.000100
-0.000100
-0.000100
-0.000100
-0.000100
-0.000100
-0.000100
-0.000100
-0.000100
-0.000100
-0.000100
-0.000100
-0.000100
-0.000100
-0.000100
-0.000100
-0.000100
-0.000100
-0.000100
-0.000100
-0.000100
-0.000100
-0.000100
-0.000100
-0.000100
-0.000100
-0.000100
-0.000100
-0.000100
-0.000100
-0.000100
-0.000100
-0.000100
-0.000100
-0.000100
-0.000100
-0.000100
-0.000100
-0.000100
-0.000100
-0.000100
-0.000100
-0.000100
-0.000100
-0.000100
-0.000100
-0.000100
-0.000100
-0.000100
-0.000100
-0.000100
-0.000100
-0.000100
-0.000100
-0.000100
-0.000100
-0.000100
-0.000100
-0.000100
-0.000100
-0.000100
-0.000100
-0.000100
-0.000100
-0.000100
-0.000100
-0.000100
-0.000100
-0.000100
-0.000100
-0.000100
-0.000100
-0.000100
-0.000100
-0.000100
-0.000100
-0.000100
-0.000100
-0.000100
-0.000100
-0.000100
-0.000100
-0.000100
-0.000100
-0.000100
-0.000100
-0.000100
-0.000100
-0.000100
-0.000100
-0.000100
-0.000100
-0.000100
-0.000100
-0.000100
-0.000100
-0.000100
-0.000100
-0.000100
-0.000100
-0.000100
-0.000100
-0.000100
-0.000100
-0.000100
-0.000100
-0.000100
-0.000100
-0.000100
-0.000100
-0.000100
-0.000100
-0.000100
-0.000100
-0.000100
-0.000100
-0.000100
-0.000100
-0.000100
-0.000100
-0.000100
-0.000100
-0.000100
-0.000100
-0.000100
-0.000100
-0.000100
-0.000100
-0.000100
-0.000100
-0.000100
-0.000100
-0.000100
-0.000100
-0.000100
-0.000100
-0.000100
-0.000100
-0.000100
-0.000100
-0.000100
-0.000100
-0.000100
-0.000100
-0.000100
-0.000100
-0.000100
-0.000100
-0.000100
-0.000100
-0.000100
-0.000100
-0.000100
-0.000100
-0.000100
-0.000100
-0.000100
-0.000100
-0.000100
-0.000100
-0.000100
-0.000100
-0.000100
-0.000100
-0.000100
-0.000100
-0.000100
-0.000100
-0.000100
-0.000100
-0.000100
-0.000100
-0.000100
-0.000100
-0.000100
-0.000100
-0.000100
-0.000100
-0.000100
-0.000100
-0.000100
-0.000100
-0.000100
-0.000100
-0.000100
-0.000100
-0.000100
-0.000100
-0.000100
-0.000100
-0.000100
-0.000100
-0.000100
-0.000100
-0.000100
-0.000100
-0.000100
-0.000100
-0.000100
-0.000100
-0.000100
-0.000100
-0.000100
-0.000100
-0.000100
-0.000100
-0.000100
-0.000100
-0.000100
-0.000100
-0.000100
-0.000100
-0.000100
-0.000100
-0.000100
-0.000100
-0.000100
-0.000100
-0.000100
-0.000100
-0.000100
-0.000100
-0.000100
-0.000100
-0.000100
-0.000100
-0.000100
-0.000100
-0.000100
-0.000100
-0.000100
-0.000100
-0.000100
-0.000100
-0.000100
-0.000100
-0.000100
-0.000100
-0.000100
-0.000100
-0.000100
-0.000100
-0.000030
-0.000030
-0.000030
-0.000030
-0.000030
-0.000030
-0.000030
-0.000030
-0.000030
-0.000030
-0.000030
-0.000030
-0.000030
-0.000030
-0.000030
-0.000030
-0.000030
-0.000030
-0.000030
-0.000030
-0.000030
-0.000030
-0.000030
-0.000030
-0.000030
-0.000030
-0.000030
-0.000030
-0.000030
-0.000030
-0.000030
-0.000030
-0.000030
-0.000030
-0.000030
-0.000030
-0.000030
-0.000030
-0.000030
-0.000030
-0.000030
-0.000030
-0.000030
-0.000030
-0.000030
-0.000030
-0.000030
-0.000030
-0.000030
-0.000030
-0.000030
-0.000030
-0.000030
-0.000030
-0.000030
-0.000030
-0.000030
-0.000030
-0.000030
-0.000030
-0.000030
-0.000030
-0.000030
-0.000030
-0.000030
-0.000030
-0.000030
-0.000030
-0.000030
-0.000030
-0.000030
-0.000030
-0.000030
-0.000030
-0.000030
-0.000030
-0.000030
-0.000030
-0.000030
-0.000030
-0.000030
-0.000030
-0.000030
-0.000030
-0.000030
-0.000030
-0.000030
-0.000030
-0.000030
-0.000030
-0.000030
-0.000030
-0.000030
-0.000030
-0.000030
-0.000030
-0.000030
-0.000030
-0.000030
-0.000030
-0.000030
-0.000030
-0.000030
-0.000030
-0.000030
-0.000030
-0.000030
-0.000030
-0.000030
-0.000030
-0.000030
-0.000030
-0.000030
-0.000030
-0.000030
-0.000030
-0.000030
-0.000030
-0.000030
-0.000030
-0.000030
-0.000030
-0.000030
-0.000030
-0.000030
-0.000030
-0.000030
-0.000030
-0.000030
-0.000030
-0.000030
-0.000030
-0.000030
-0.000030
-0.000030
-0.000030
-0.000030
-0.000030
-0.000030
-0.000030
-0.000030
-0.000030
-0.000030
-0.000030
-0.000030
-0.000030
-0.000030
-0.000030
-0.000030
-0.000030
-0.000030
-0.000030
-0.000030
-0.000030
-0.000030
-0.000030
-0.000030
-0.000030
-0.000030
-0.000030
-0.000030
-0.000030
-0.000030
-0.000030
-0.000030
-0.000030
-0.000030
-0.000030
-0.000030
-0.000030
-0.000030
-0.000030
-0.000030
-0.000030
-0.000030
-0.000030
-0.000030
-0.000030
-0.000030
-0.000030
-0.000030
-0.000030
-0.000030
-0.000030
-0.000030
-0.000030
-0.000030
-0.000030
-0.000030
-0.000030
-0.000030
-0.000030
-0.000030
-0.000030
-0.000030
-0.000030
-0.000030
-0.000030
-0.000030
-0.000030
-0.000030
-0.000030
-0.000030
-0.000030
-0.000030
-0.000030
-0.000030
-0.000030
-0.000030
-0.000030
-0.000030
-0.000030
-0.000030
-0.000030
-0.000030
-0.000030
-0.000030
-0.000030
-0.000030
-0.000030
-0.000030
-0.000030
-0.000030
-0.000030
-0.000030
-0.000030
-0.000030
-0.000030
-0.000030
-0.000030
-0.000030
-0.000030
-0.000030
-0.000030
-0.000030
-0.000030
-0.000030
-0.000030
-0.000030
-0.000030
-0.000030
-0.000030
-0.000030
-0.000030
-0.000030
-0.000030
-0.000030
-0.000030
-0.000030
-0.000030
-0.000030
-0.000030
-0.000030
-0.000030
-0.000030
-0.000030
-0.000030
-0.000030
-0.000030
-0.000030
-0.000030
-0.000030
-0.000030
-0.000030
-0.000030
-0.000030
-0.000030
-0.000030
-0.000030
-0.000030
-0.000030
-0.000030
-0.000030
-0.000030
-0.000030
-0.000030
-0.000030
-0.000030
-0.000030
-0.000030
-0.000030
-0.000030
-0.000030
-0.000030
-0.000030
-0.000030
-0.000030
-0.000030
-0.000030
-0.000030
-0.000030
-0.000030
-0.000030
-0.000030
-0.000030
-0.000030
-0.000030
-0.000030
-0.000030
-0.000030
-0.000030
-0.000030
-0.000030
-0.000030
-0.000030
-0.000030
-0.000030
-0.000030
-0.000030
-0.000030
-0.000030
-0.000030
-0.000030
-0.000030
-0.000030
-0.000030
-0.000030
-0.000030
-0.000030
-0.000030
-0.000030
-0.000030
-0.000030
-0.000030
-0.000030
-0.000030
-0.000030
-0.000030
-0.000030
-0.000030
-0.000030
-0.000030
-0.000030
-0.000030
-0.000030
-0.000030
-0.000030
-0.000030
-0.000030
-0.000030
-0.000030
-0.000030
-0.000030
-0.000030
-0.000030
-0.000030
-0.000030
-0.000030
-0.000030
-0.000030
-0.000030
-0.000030
-0.000030
-0.000030
-0.000030
-0.000030
-0.000030
-0.000030
-0.000030
-0.000030
-0.000030
-0.000030
-0.000030
-0.000030
-0.000030
-0.000030
-0.000030
-0.000030
-0.000030
-0.000030
-0.000030
-0.000030
-0.000030
-0.000030
-0.000030
-0.000030
-0.000030
-0.000030
-0.000030
-0.000030
-0.000030
-0.000030
-0.000030
-0.000030
-0.000030
-0.000030
-0.000030
-0.000030
-0.000030
-0.000030
-0.000030
-0.000030
-0.000030
-0.000030
-0.000030
-0.000030
-0.000030
-0.000030
-0.000030
-0.000030
-0.000030
-0.000030
-0.000030
-0.000030
-0.000030
-0.000030
-0.000030
-0.000030
-0.000030
-0.000030
-0.000030
-0.000030
-0.000030
-0.000030
-0.000030
-0.000030
-0.000030
-0.000030
-0.000030
-0.000030
-0.000030
-0.000030
-0.000030
-0.000030
-0.000030
-0.000030
-0.000030
-0.000030
-0.000030
-0.000030
-0.000030
-0.000030
-0.000030
-0.000030
-0.000030
-0.000030
-0.000030
-0.000030
-0.000030
-0.000030
-0.000030
-0.000030
-0.000030
-0.000030
-0.000030
-0.000030
-0.000030
-0.000030
-0.000030
-0.000030
-0.000030
-0.000030
-0.000030
-0.000030
-0.000030
-0.000030
-0.000030
-0.000030
-0.000030
-0.000030
-0.000030
-0.000030
-0.000030
-0.000030
-0.000030
-0.000030
-0.000030
-0.000030
-0.000030
-0.000030
-0.000030
-0.000030
-0.000030
-0.000030
-0.000030
-0.000030
-0.000030
-0.000030
-0.000030
-0.000030
-0.000030
-0.000030
-0.000030
-0.000030
-0.000030
-0.000030
-0.000030
-0.000030
-0.000030
-0.000030
-0.000030
-0.000030
-0.000030
-0.000030
-0.000030
-0.000030
-0.000030
-0.000030
-0.000030
-0.000030
-0.000010
-0.000010
-0.000010
-0.000010
-0.000010
-0.000010
-0.000010
-0.000010
-0.000010
-0.000010
-0.000010
-0.000010
-0.000010
-0.000010
-0.000010
-0.000010
-0.000010
-0.000010
-0.000010
-0.000010
-0.000010
-0.000010
-0.000010
-0.000010
-0.000010
-0.000010
-0.000010
-0.000010
-0.000010
-0.000010
-0.000010
-0.000010
-0.000010
-0.000010
-0.000010
-0.000010
-0.000010
-0.000010
-0.000010
-0.000010
-0.000010
-0.000010
-0.000010
-0.000010
-0.000010
-0.000010
-0.000010
-0.000010
-0.000010
-0.000010
-0.000010
-0.000010
-0.000010
-0.000010
-0.000010
-0.000010
-0.000010
-0.000010
-0.000010
-0.000010
-0.000010
-0.000010
-0.000010
-0.000010
-0.000010
-0.000010
-0.000010
-0.000010
-0.000010
-0.000010
-0.000010
-0.000010
-0.000010
-0.000010
-0.000010
-0.000010
-0.000010
-0.000010
-0.000010
-0.000010
-0.000010
-0.000010
-0.000010
-0.000010
-0.000010
-0.000010
-0.000010
-0.000010
-0.000010
-0.000010
-0.000010
-0.000010
-0.000010
-0.000010
-0.000010
-0.000010
-0.000010
-0.000010
-0.000010
-0.000010
-0.000010
-0.000010
-0.000010
-0.000010
-0.000010
-0.000010
-0.000010
-0.000010
-0.000010
-0.000010
-0.000010
-0.000010
-0.000010
-0.000010
-0.000010
-0.000010
-0.000010
-0.000010
-0.000010
-0.000010
-0.000010
-0.000010
-0.000010
-0.000010
-0.000010
-0.000010
-0.000010
-0.000010
-0.000010
-0.000010
-0.000010
-0.000010
-0.000010
-0.000010
-0.000010
-0.000010
-0.000010
-0.000010
-0.000010
-0.000010
-0.000010
-0.000010
-0.000010
-0.000010
-0.000010
-0.000010
-0.000010
-0.000010
-0.000010
-0.000010
-0.000010
-0.000010
-0.000010
-0.000010
-0.000010
-0.000010
-0.000010
-0.000010
-0.000010
-0.000010
-0.000010
-0.000010
-0.000010
-0.000010
-0.000010
-0.000010
-0.000010
-0.000010
-0.000010
-0.000010
-0.000010
-0.000010
-0.000010
-0.000010
-0.000010
-0.000010
-0.000010
-0.000010
-0.000010
-0.000010
-0.000010
-0.000010
-0.000010
-0.000010
-0.000010
-0.000010
-0.000010
-0.000010
-0.000010
-0.000010
-0.000010
-0.000010
-0.000010
-0.000010
-0.000010
-0.000010
-0.000010
-0.000010
-0.000010
-0.000010
-0.000010
-0.000010
-0.000010
-0.000010
-0.000010
-0.000010
-0.000010
-0.000010
-0.000010
-0.000010
-0.000010
-0.000010
-0.000010
-0.000010
-0.000010
-0.000010
-0.000010
-0.000010
-0.000010
-0.000010
-0.000010
-0.000010
-0.000010
-0.000010
-0.000010
-0.000010
-0.000010
-0.000010
-0.000010
-0.000010
-0.000010
-0.000010
-0.000010
-0.000010
-0.000010
-0.000010
-0.000010
-0.000010
-0.000010
-0.000010
-0.000010
-0.000010
-0.000010
-0.000010
-0.000010
-0.000010
-0.000010
-0.000010
-0.000010
-0.000010
-0.000010
-0.000010
-0.000010
-0.000010
-0.000010
-0.000010
-0.000010
-0.000010
-0.000010
-0.000010
-0.000010
-0.000010
-0.000010
-0.000010
-0.000010
-0.000010
-0.000010
-0.000010
-0.000010
-0.000010
-0.000010
-0.000010
-0.000010
-0.000010
-0.000010
-0.000010
-0.000010
-0.000010
-0.000010
-0.000010
-0.000010
-0.000010
-0.000010
-0.000010
-0.000010
-0.000010
-0.000010
-0.000010
-0.000010
-0.000010
-0.000010
-0.000010
-0.000010
-0.000010
-0.000010
-0.000010
-0.000010
-0.000010
-0.000010
-0.000010
-0.000010
-0.000010
-0.000010
-0.000010
-0.000010
-0.000010
-0.000010
-0.000010
-0.000010
-0.000010
-0.000010
-0.000010
-0.000010
-0.000010
-0.000010
-0.000010
-0.000010
-0.000010
-0.000010
-0.000010
-0.000010
-0.000010
-0.000010
-0.000010
-0.000010
-0.000010
-0.000010
-0.000010
-0.000010
-0.000010
-0.000010
-0.000010
-0.000010
-0.000010
-0.000010
-0.000010
-0.000010
-0.000010
-0.000010
-0.000010
-0.000010
-0.000010
-0.000010
-0.000010
-0.000010
-0.000010
-0.000010
-0.000010
-0.000010
-0.000010
-0.000010
-0.000010
-0.000010
-0.000010
-0.000010
-0.000010
-0.000010
-0.000010
-0.000010
-0.000010
-0.000010
-0.000010
-0.000010
-0.000010
-0.000010
-0.000010
-0.000010
-0.000010
-0.000010
-0.000010
-0.000010
-0.000010
-0.000010
-0.000010
-0.000010
-0.000010
-0.000010
-0.000010
-0.000010
-0.000010
-0.000010
-0.000010
-0.000010
-0.000010
-0.000010
-0.000010
-0.000010
-0.000010
-0.000010
-0.000010
-0.000010
-0.000010
-0.000010
-0.000010
-0.000010
-0.000010
-0.000010
-0.000010
-0.000010
-0.000010
-0.000010
-0.000010
-0.000010
-0.000010
-0.000010
-0.000010
-0.000010
-0.000010
-0.000010
-0.000010
-0.000010
-0.000010
-0.000010
-0.000010
-0.000010
-0.000010
-0.000010
-0.000010
-0.000010
-0.000010
-0.000010
-0.000010
-0.000010
-0.000010
-0.000010
-0.000010
-0.000010
-0.000010
-0.000010
-0.000010
-0.000010
-0.000010
-0.000010
-0.000010
-0.000010
-0.000010
-0.000010
-0.000010
-0.000010
-0.000010
-0.000010
-0.000010
-0.000010
-0.000010
-0.000010
-0.000010
-0.000010
-0.000010
-0.000010
-0.000010
-0.000010
-0.000010
-0.000010
-0.000010
-0.000010
-0.000010
-0.000010
-0.000010
-0.000010
-0.000010
-0.000010
-0.000010
-0.000010
-0.000010
-0.000010
-0.000010
-0.000010
-0.000010
-0.000010
-0.000010
-0.000010
-0.000010
-0.000010
-0.000010
-0.000010
-0.000010
-0.000010
-0.000010
-0.000010
-0.000010
-0.000010
-0.000010
-0.000010
-0.000010
-0.000010
-0.000010
-0.000010
-0.000010
-0.000010
-0.000010
-0.000010
-0.000010
-0.000010
-0.000010
-0.000010
-0.000010
-0.000010
-0.000010
-0.000010
-0.000010
-0.000000
-0.000000
-0.000000
-0.000000
-0.000000
-0.000000
-0.000000
-0.000000
-0.000000
-0.000000
-0.000000
-0.000000
-0.000000
-0.000000
-0.000000
-0.000000
-0.000000
-0.000000
-0.000000
-0.000000
-0.000000
-0.000000
-0.000000
-0.000000
-0.000000
-0.000000
-0.000000
-0.000000
-0.000000
-0.000000
-0.000000
-0.000000
-0.000000
-0.000000
-0.000000
-0.000000
-0.000000
-0.000000
-0.000000
-0.000000
-0.000000
-0.000000
-0.000000
-0.000000
-0.000000
-0.000000
-0.000000
-0.000000
-0.000000
-0.000000
-0.000000
-0.000000
-0.000000
-0.000000
-0.000000
-0.000000
-0.000000
-0.000000
-0.000000
-0.000000
-0.000000
-0.000000
-0.000000
-0.000000
-0.000000
-0.000000
-0.000000
-0.000000
-0.000000
-0.000000
-0.000000
-0.000000
-0.000000
-0.000000
-0.000000
-0.000000
-0.000000
-0.000000
-0.000000
-0.000000
-0.000000
-0.000000
-0.000000
-0.000000
-0.000000
-0.000000
-0.000000
-0.000000
-0.000000
-0.000000
-0.000000
-0.000000
-0.000000
-0.000000
-0.000000
-0.000000
-0.000000
-0.000000
-0.000000
-0.000000
-0.000000
-0.000000
-0.000000
-0.000000
-0.000000
-0.000000
-0.000000
-0.000000
-0.000000
-0.000000
-0.000000
-0.000000
-0.000000
-0.000000
-0.000000
-0.000000
-0.000000
-0.000000
-0.000000
-0.000000
-0.000000
-0.000000
-0.000000
-0.000000
-0.000000
-0.000000
-0.000000
-0.000000
-0.000000
-0.000000
-0.000000
-0.000000
-0.000000
-0.000000
-0.000000
-0.000000
-0.000000
-0.000000
-0.000000
-0.000000
-0.000000
-0.000000
-0.000000
-0.000000
-0.000000
-0.000000
-0.000000
-0.000000
-0.000000
-0.000000
-0.000000
-0.000000
-0.000000
-0.000000
-0.000000
-0.000000
-0.000000
-0.000000
-0.000000
-0.000000
-0.000000
-0.000000
-0.000000
-0.000000
-0.000000
-0.000000
-0.000000
-0.000000
-0.000000
-0.000000
-0.000000
-0.000000
-0.000000
-0.000000
-0.000000
-0.000000
-0.000000
-0.000000
-0.000000
-0.000000
-0.000000
-0.000000
-0.000000
-0.000000
-0.000000
-0.000000
-0.000000
-0.000000
-0.000000
-0.000000
-0.000000
-0.000000
-0.000000
-0.000000
-0.000000
-0.000000
-0.000000
-0.000000
-0.000000
-0.000000
-0.000000
-0.000000
-0.000000
-0.000000
-0.000000
-0.000000
-0.000000
-0.000000
-0.000000
-0.000000
-0.000000
-0.000000
-0.000000
-0.000000
-0.000000
-0.000000
-0.000000
-0.000000
-0.000000
-0.000000
-0.000000
-0.000000
-0.000000
-0.000000
-0.000000
-0.000000
-0.000000
-0.000000
-0.000000
-0.000000
-0.000000
-0.000000
-0.000000
-0.000000
-0.000000
-0.000000
-0.000000
-0.000000
-0.000000
-0.000000
-0.000000
-0.000000
-0.000000
-0.000000
-0.000000
-0.000000
-0.000000
-0.000000
-0.000000
-0.000000
-0.000000
-0.000000
-0.000000
-0.000000
-0.000000
-0.000000
-0.000000
-0.000000
-0.000000
-0.000000
-0.000000
-0.000000
-0.000000
-0.000000
-0.000000
-0.000000
-0.000000
-0.000000
-0.000000
-0.000000
-0.000000
-0.000000
-0.000000
-0.000000
-0.000000
-0.000000
-0.000000
-0.000000
-0.000000
-0.000000
-0.000000
-0.000000
-0.000000
-0.000000
-0.000000
-0.000000
-0.000000
-0.000000
-0.000000
-0.000000
-0.000000
-0.000000
-0.000000
-0.000000
-0.000000
-0.000000
-0.000000
-0.000000
-0.000000
-0.000000
-0.000000
-0.000000
-0.000000
-0.000000
-0.000000
-0.000000
-0.000000
-0.000000
-0.000000
-0.000000
-0.000000
-0.000000
-0.000000
-0.000000
-0.000000
-0.000000
-0.000000
-0.000000
-0.000000
-0.000000
-0.000000
-0.000000
-0.000000
-0.000000
-0.000000
-0.000000
-0.000000
-0.000000
-0.000000
-0.000000
-0.000000
-0.000000
-0.000000
-0.000000
-0.000000
-0.000000
-0.000000
-0.000000
-0.000000
-0.000000
-0.000000
-0.000000
-0.000000
-0.000000
-0.000000
-0.000000
-0.000000
-0.000000
-0.000000
-0.000000
-0.000000
-0.000000
-0.000000
-0.000000
-0.000000
-0.000000
-0.000000
-0.000000
-0.000000
-0.000000
-0.000000
-0.000000
-0.000000
-0.000000
-0.000000
-0.000000
-0.000000
-0.000000
-0.000000
-0.000000
-0.000000
-0.000000
-0.000000
-0.000000
-0.000000
-0.000000
-0.000000
-0.000000
-0.000000
-0.000000
-0.000000
-0.000000
-0.000000
-0.000000
-0.000000
-0.000000
-0.000000
-0.000000
-0.000000
-0.000000
-0.000000
-0.000000
-0.000000
-0.000000
-0.000000
-0.000000
-0.000000
-0.000000
-0.000000
-0.000000
-0.000000
-0.000000
-0.000000
-0.000000
-0.000000
-0.000000
-0.000000
-0.000000
-0.000000
-0.000000
-0.000000
-0.000000
-0.000000
-0.000000
-0.000000
-0.000000
-0.000000
-0.000000
-0.000000
-0.000000
-0.000000
-0.000000
-0.000000
-0.000000
-0.000000
-0.000000
-0.000000
-0.000000
-0.000000
-0.000000
-0.000000
-0.000000
-0.000000
-0.000000
-0.000000
-0.000000
-0.000000
-0.000000
-0.000000
-0.000000
-0.000000
-0.000000
-0.000000
-0.000000
-0.000000
-0.000000
-0.000000
-0.000000
-0.000000
-0.000000
-0.000000
-0.000000
-0.000000
-0.000000
-0.000000
-0.000000
-0.000000
-0.000000
-0.000000
-0.000000
-0.000000
-0.000000
-0.000000
-0.000000
-0.000000
-0.000000
-0.000000
-0.000000
-0.000000
-0.000000
-0.000000
-0.000000
-0.000000
-0.000000
-0.000000
-0.000000
-0.000000
-0.000000
-0.000000
-0.000000
-0.000000
-0.000000
-0.000000
-0.000000
-0.000000
-0.000000
-0.000000
-0.000000
-0.000000
-0.000000
-0.000000
-0.000000
-0.000000
-0.000000
-0.000000
-0.000000
-0.000000
-0.000000
-0.000000
-0.000000
-0.000000
-0.000000
-0.000000
-0.000000
-0.000000
-0.000000
-0.000000
-0.000000
-0.000000
-0.000000
-0.000000
-0.000000
-0.000000
-0.000000
-0.000000
-0.000000
-0.000000
-0.000000
-0.000000
-0.000000
-0.000000
-0.000000
-0.000000
-0.000000
-0.000000
-0.000000
-0.000000
-0.000000
-0.000000
-0.000000
-0.000000
-0.000000
-0.000000
-0.000000
-0.000000
-0.000000
-0.000000
-0.000000
-0.000000
-0.000000
-0.000000
-0.000000
-0.000000
-0.000000
-0.000000
-0.000000
-0.000000
-0.000000
-0.000000
-0.000000
-0.000000
-0.000000
-0.000000
-0.000000
-0.000000
-0.000000
-0.000000
-0.000000
-0.000000
-0.000000
-0.000000
-0.000000
-0.000000
-0.000000
-0.000000
-0.000000
-0.000000
-0.000000
-0.000000
-0.000000
-0.000000
-0.000000
-0.000000
-0.000000
-0.000000
-0.000000
-0.000000
-0.000000
-0.000000
-0.000000
-0.000000
-0.000000
-0.000000
-0.000000
-0.000000
-0.000000
-0.000000
-0.000000
-0.000000
-0.000000
-0.000000
-0.000000
-0.000000
-0.000000
-0.000000
-0.000000
-0.000000
-0.000000
-0.000000
-0.000000
-0.000000
-0.000000
-0.000000
-0.000000
-0.000000
-0.000000
-0.000000
-0.000000
-0.000000
-0.000000
-0.000000
-0.000000
-0.000000
-0.000000
-0.000000
-0.000000
-0.000000
-0.000000
-0.000000
-0.000000
-0.000000
-0.000000
-0.000000
-0.000000
-0.000000
-0.000000
-0.000000
-0.000000
-0.000000
-0.000000
-0.000000
-0.000000
-0.000000
-0.000000
-0.000000
-0.000000
-0.000000
-0.000000
-0.000000
-0.000000
-0.000000
-0.000000
-0.000000
-0.000000
-0.000000
-0.000000
-0.000000
-0.000000
-0.000000
-0.000000
-0.000000
-0.000000
-0.000000
-0.000000
-0.000000
-0.000000
-0.000000
-0.000000
-0.000000
-0.000000
-0.000000
-0.000000
-0.000000
-0.000000
-0.000000
-0.000000
-0.000000
-0.000000
-0.000000
-0.000000
-0.000000
-0.000000
-0.000000
-0.000000
-0.000000
-0.000000
-0.000000
-0.000000
-0.000000
-0.000000
-0.000000
-0.000000
-0.000000
-0.000000
-0.000000
-0.000000
-0.000000
-0.000000
-0.000000
-0.000000
-0.000000
-0.000000
-0.000000
-0.000000
-0.000000
-0.000000
-0.000000
-0.000000
-0.000000
-0.000000
-0.000000
-0.000000
-0.000000
-0.000000
-0.000000
-0.000000
-0.000000
-0.000000
-0.000000
-0.000000
-0.000000
-0.000000
-0.000000
-0.000000
-0.000000
-0.000000
-0.000000
-0.000000
-0.000000
-0.000000
-0.000000
-0.000000
-0.000000
-0.000000
-0.000000
-0.000000
-0.000000
-0.000000
-0.000000
-0.000000
-0.000000
-0.000000
-0.000000
-0.000000
-0.000000
-0.000000
-0.000000
-0.000000
-0.000000
-0.000000
-0.000000
-0.000000
-0.000000
-0.000000
-0.000000
-0.000000
-0.000000
-0.000000
-0.000000
-0.000000
-0.000000
-0.000000
-0.000000
-0.000000
-0.000000
-0.000000
-0.000000
-0.000000
-0.000000
-0.000000
-0.000000
-0.000000
-0.000000
-0.000000
-0.000000
-0.000000
-0.000000
-0.000000
-0.000000
-0.000000
-0.000000
-0.000000
-0.000000
-0.000000
-0.000000
-0.000000
-0.000000
-0.000000
-0.000000
-0.000000
-0.000000
-0.000000
-0.000000
-0.000000
-0.000000
-0.000000
-0.000000
-0.000000
-0.000000
-0.000000
-0.000000
-0.000000
-0.000000
-0.000000
-0.000000
-0.000000
-0.000000
-0.000000
-0.000000
-0.000000
-0.000000
-0.000000
-0.000000
-0.000000
-0.000000
-0.000000
-0.000000
-0.000000
-0.000000
-0.000000
-0.000000
-0.000000
-0.000000
-0.000000
-0.000000
-0.000000
-0.000000
-0.000000
-0.000000
-0.000000
-0.000000
-0.000000
-0.000000
-0.000000
-0.000000
-0.000000
-0.000000
-0.000000
-0.000000
-0.000000
-0.000000
-0.000000
-0.000000
-0.000000
-0.000000
-0.000000
-0.000000
-0.000000
-0.000000
-0.000000
-0.000000
-0.000000
-0.000000
-0.000000
-0.000000
-0.000000
-0.000000
-0.000000
-0.000000
-0.000000
-0.000000
-0.000000
-0.000000
-0.000000
-0.000000
-0.000000
-0.000000
-0.000000
-0.000000
-0.000000
-0.000000
-0.000000
-0.000000
-0.000000
-0.000000
-0.000000
-0.000000
-0.000000
-0.000000
-0.000000
-0.000000
-0.000000
-0.000000
-0.000000
-0.000000
-0.000000
-0.000000
-0.000000
-0.000000
-0.000000
-0.000000
-0.000000
-0.000000
-0.000000
-0.000000
-0.000000
-0.000000
-0.000000
-0.000000
-0.000000
-0.000000
-0.000000
-0.000000
-0.000000
-0.000000
-0.000000
-0.000000
-0.000000
-0.000000
-0.000000
-0.000000
-0.000000
-0.000000
-0.000000
-0.000000
-0.000000
-0.000000
-0.000000
-0.000000
-0.000000
-0.000000
-0.000000
-0.000000
-0.000000
-0.000000
-0.000000
-0.000000
-0.000000
-0.000000
-0.000000
-0.000000
-0.000000
-0.000000
-0.000000
-0.000000
-0.000000
-0.000000
-0.000000
-0.000000
-0.000000
-0.000000
-0.000000
-0.000000
-0.000000
-0.000000
-0.000000
-0.000000
-0.000000
-0.000000
-0.000000
-0.000000
-0.000000
-0.000000
-0.000000
-0.000000
-0.000000
-0.000000
-0.000000
-0.000000
-0.000000
-0.000000
-0.000000
-0.000000
-0.000000
-0.000000
-0.000000
-0.000000
-0.000000
-0.000000
-0.000000
-0.000000
-0.000000
-0.000000
-0.000000
-0.000000
-0.000000
-0.000000
-0.000000
-0.000000
-0.000000
-0.000000
-0.000000
-0.000000
-0.000000
-0.000000
-0.000000
-0.000000
-0.000000
-0.000000
-0.000000
-0.000000
-0.000000
-0.000000
-0.000000
-0.000000
-0.000000
-0.000000
-0.000000
-0.000000
-0.000000
-0.000000
-0.000000
-0.000000
-0.000000
-0.000000
-0.000000
-0.000000
-0.000000
-0.000000
-0.000000
-0.000000
-0.000000
-0.000000
-0.000000
-0.000000
-0.000000
-0.000000
-0.000000
-0.000000
-0.000000
-0.000000
-0.000000
-0.000000
-0.000000
-0.000000
-0.000000
-0.000000
-0.000000
-0.000000
-0.000000
-0.000000
-0.000000
-0.000000
-0.000000
-0.000000
-0.000000
-0.000000
-0.000000
-0.000000
-0.000000
-0.000000
-0.000000
-0.000000
-0.000000
-0.000000
-0.000000
-0.000000
-0.000000
-0.000000
-0.000000
-0.000000
-0.000000
-0.000000
-0.000000
-0.000000
-0.000000
-0.000000
-0.000000
-0.000000
-0.000000
-0.000000
-0.000000
-0.000000
-0.000000
-0.000000
-0.000000
-0.000000
-0.000000
-0.000000
-0.000000
-0.000000
-0.000000
-0.000000
-0.000000
-0.000000
-0.000000
-0.000000
-0.000000
-0.000000
-0.000000
-0.000000
-0.000000
-0.000000
-0.000000
-0.000000
-0.000000
-0.000000
-0.000000
-0.000000
-0.000000
-0.000000
-0.000000
-0.000000
-0.000000
-0.000000
-0.000000
-0.000000
-0.000000
-0.000000
-0.000000
-0.000000
-0.000000
-0.000000
-0.000000
-0.000000
-0.000000
-0.000000
-0.000000
-0.000000
-0.000000
-0.000000
-0.000000
-0.000000
-0.000000
-0.000000
-0.000000
-0.000000
-0.000000
-0.000000
-0.000000
-0.000000
-0.000000
-0.000000
-0.000000
-0.000000
-0.000000
-0.000000
-0.000000
-0.000000
-0.000000
-0.000000
-0.000000
-0.000000
-0.000000
-0.000000
-0.000000
-0.000000
-0.000000
-0.000000
-0.000000
-0.000000
-0.000000
-0.000000
-0.000000
-0.000000
-0.000000
-0.000000
-0.000000
-0.000000
-0.000000
-0.000000
-0.000000
-0.000000
-0.000000
-0.000000
-0.000000
-0.000000
-0.000000
-0.000000
-0.000000
-0.000000
-0.000000
-0.000000
-0.000000
-0.000000
-0.000000
-0.000000
-0.000000
-0.000000
-0.000000
-0.000000
-0.000000
-0.000000
-0.000000
-0.000000
-0.000000
-0.000000
-0.000000
-0.000000
-0.000000
-0.000000
-0.000000
-0.000000
-0.000000
-0.000000
-0.000000
-0.000000
-0.000000
-0.000000
-0.000000
-0.000000
-0.000000
-0.000000
-0.000000
-0.000000
-0.000000
-0.000000
-0.000000
-0.000000
-0.000000
-0.000000
-0.000000
-0.000000
-0.000000
-0.000000
-0.000000
-0.000000
-0.000000
-0.000000
-0.000000
-0.000000
-0.000000
-0.000000
-0.000000
-0.000000
-0.000000
-0.000000
-0.000000
-0.000000
-0.000000
-0.000000
-0.000000
-0.000000
-0.000000
-0.000000
-0.000000
-0.000000
-0.000000
-0.000000
-0.000000
-0.000000
-0.000000
-0.000000
-0.000000
-0.000000
-0.000000
-0.000000
-0.000000
-0.000000
-0.000000
-0.000000
-0.000000
-0.000000
-0.000000
-0.000000
-0.000000
-0.000000
-0.000000
-0.000000
-0.000000
-0.000000
-0.000000
-0.000000
-0.000000
-0.000000
-0.000000
-0.000000
-0.000000
-0.000000
-0.000000
-0.000000
-0.000000
-0.000000
-0.000000
-0.000000
-0.000000
-0.000000
-0.000000
-0.000000
-0.000000
-0.000000
-0.000000
-0.000000
-0.000000
-0.000000
-0.000000
-0.000000
-0.000000
-0.000000
-0.000000
-0.000000
-0.000000
-0.000000
-0.000000
-0.000000
-0.000000
-0.000000
-0.000000
-0.000000
-0.000000
-0.000000
-0.000000
-0.000000
-0.000000
-0.000000
-0.000000
-0.000000
-0.000000
-0.000000
-0.000000
-0.000000
-0.000000
-0.000000
-0.000000
-0.000000
-0.000000
-0.000000
-0.000000
-0.000000
-0.000000
-0.000000
-0.000000
-0.000000
-0.000000
-0.000000
-0.000000
-0.000000
-0.000000
-0.000000
-0.000000
-0.000000
-0.000000
-0.000000
-0.000000
-0.000000
-0.000000
-0.000000
-0.000000
-0.000000
-0.000000
-0.000000
-0.000000
-0.000000
-0.000000
-0.000000
-0.000000
-0.000000
-0.000000
-0.000000
-0.000000
-0.000000
-0.000000
-0.000000
-0.000000
-0.000000
-0.000000
-0.000000
-0.000000
-0.000000
-0.000000
-0.000000
-0.000000
-0.000000
-0.000000
-0.000000
-0.000000
-0.000000
-0.000000
-0.000000
-0.000000
-0.000000
-0.000000
-0.000000
-0.000000
-0.000000
-0.000000
-0.000000
-0.000000
-0.000000
-0.000000
-0.000000
-0.000000
-0.000000
-0.000000
-0.000000
-0.000000
-0.000000
-0.000000
-0.000000
-0.000000
-0.000000
-0.000000
-0.000000
-0.000000
-0.000000
-0.000000
-0.000000
-0.000000
-0.000000
-0.000000
-0.000000
-0.000000
-0.000000
-0.000000
-0.000000
-0.000000
-0.000000
-0.000000
-0.000000
-0.000000
-0.000000
-0.000000
-0.000000
-0.000000
-0.000000
-0.000000
-0.000000
-0.000000
-0.000000
-0.000000
-0.000000
-0.000000
-0.000000
-0.000000
-0.000000
-0.000000
-0.000000
-0.000000
-0.000000
-0.000000
-0.000000
-0.000000
-0.000000
-0.000000
-0.000000
-0.000000
-0.000000
-0.000000
-0.000000
-0.000000
-0.000000
-0.000000
-0.000000
-0.000000
-0.000000
-0.000000
-0.000000
-0.000000
-0.000000
-0.000000
-0.000000
-0.000000
-0.000000
-0.000000
-0.000000
-0.000000
-0.000000
-0.000000
-0.000000
-0.000000
-0.000000
-0.000000
-0.000000
-0.000000
-0.000000
-0.000000
-0.000000
-0.000000
-0.000000
-0.000000
-0.000000
-0.000000
-0.000000
-0.000000
-0.000000
-0.000000
-0.000000
-0.000000
-0.000000
-0.000000
-0.000000
-0.000000
-0.000000
-0.000000
-0.000000
-0.000000
-0.000000
-0.000000
-0.000000
-0.000000
-0.000000
-0.000000
-0.000000
-0.000000
-0.000000
-0.000000
-0.000000
-0.000000
-0.000000
-0.000000
-0.000000
-0.000000
-0.000000
-0.000000
-0.000000
-0.000000
-0.000000
-0.000000
-0.000000
-0.000000
-0.000000
-0.000000
-0.000000
-0.000000
-0.000000
-0.000000
-0.000000
-0.000000
-0.000000
-0.000000
-0.000000
-0.000000
-0.000000
-0.000000
-0.000000
-0.000000
-0.000000
-0.000000
-0.000000
-0.000000
-0.000000
-0.000000
-0.000000
-0.000000
-0.000000
-0.000000
-0.000000
-0.000000
-0.000000
-0.000000
-0.000000
-0.000000
-0.000000
-0.000000
-0.000000
-0.000000
-0.000000
-0.000000
-0.000000
-0.000000
-0.000000
-0.000000
-0.000000
-0.000000
-0.000000
-0.000000
-0.000000
-0.000000
-0.000000
-0.000000
-0.000000
-0.000000
-0.000000
-0.000000
-0.000000
-0.000000
-0.000000
-0.000000
-0.000000
-0.000000
-0.000000
-0.000000
-0.000000
-0.000000
-0.000000
-0.000000
-0.000000
-0.000000
-0.000000
-0.000000
-0.000000
-0.000000
-0.000000
-0.000000
-0.000000
-0.000000
-0.000000
-0.000000
-0.000000
-0.000000
-0.000000
-0.000000
-0.000000
-0.000000
-0.000000
-0.000000
-0.000000
-0.000000
-0.000000
-0.000000
-0.000000
-0.000000
-0.000000
-0.000000
-0.000000
-0.000000
-0.000000
-0.000000
-0.000000
-0.000000
-0.000000
-0.000000
-0.000000
-0.000000
-0.000000
-0.000000
-0.000000
-0.000000
-0.000000
-0.000000
-0.000000
-0.000000
-0.000000
-0.000000
-0.000000
-0.000000
-0.000000
-0.000000
-0.000000
-0.000000
-0.000000
-0.000000
-0.000000
-0.000000
-0.000000
-0.000000
-0.000000
-0.000000
-0.000000
-0.000000
-0.000000
-0.000000
-0.000000
-0.000000
-0.000000
-0.000000
-0.000000
-0.000000
-0.000000
-0.000000
-0.000000
-0.000000
-0.000000
-0.000000
-0.000000
-0.000000
-0.000000
-0.000000
-0.000000
-0.000000
-0.000000
-0.000000
-0.000000
-0.000000
-0.000000
-0.000000
-0.000000
-0.000000
-0.000000
-0.000000
-0.000000
-0.000000
-0.000000
-0.000000
-0.000000
-0.000000
-0.000000
-0.000000
-0.000000
-0.000000
-0.000000
-0.000000
-0.000000
-0.000000
-0.000000
-0.000000
-0.000000
-0.000000
-0.000000
-0.000000
-0.000000
-0.000000
-0.000000
-0.000000
-0.000000
-0.000000
-0.000000
-0.000000
-0.000000
-0.000000
-0.000000
-0.000000
-0.000000
-0.000000
-0.000000
-0.000000
-0.000000
-0.000000
-0.000000
-0.000000
-0.000000
-0.000000
-0.000000
-0.000000
-0.000000
-0.000000
-0.000000
-0.000000
-0.000000
-0.000000
-0.000000
-0.000000
-0.000000
-0.000000
-0.000000
-0.000000
-0.000000
-0.000000
-0.000000
-0.000000
-0.000000
-0.000000
-0.000000
-0.000000
-0.000000
-0.000000
-0.000000
-0.000000
-0.000000
-0.000000
-0.000000
-0.000000
-0.000000
-0.000000
-0.000000
-0.000000
-0.000000
-0.000000
-0.000000
-0.000000
-0.000000
-0.000000
-0.000000
-0.000000
-0.000000
-0.000000
-0.000000
-0.000000
-0.000000
-0.000000
-0.000000
-0.000000
-0.000000
-0.000000
-0.000000
-0.000000
-0.000000
-0.000000
-0.000000
-0.000000
-0.000000
-0.000000
-0.000000
-0.000000
-0.000000
-0.000000
-0.000000
-0.000000
-0.000000
-0.000000
-0.000000
-0.000000
-0.000000
-0.000000
-0.000000
-0.000000
-0.000000
-0.000000
-0.000000
-0.000000
-0.000000
-0.000000
-0.000000
-0.000000
-0.000000
-0.000000
-0.000000
-0.000000
-0.000000
-0.000000
-0.000000
-0.000000
-0.000000
-0.000000
-0.000000
-0.000000
-0.000000
-0.000000
-0.000000
-0.000000
-0.000000
-0.000000
-0.000000
-0.000000
-0.000000
-0.000000
-0.000000
-0.000000
-0.000000
-0.000000
-0.000000
-0.000000
-0.000000
-0.000000
-0.000000
-0.000000
-0.000000
-0.000000
-0.000000
-0.000000
-0.000000
-0.000000
-0.000000
-0.000000
-0.000000
-0.000000
-0.000000
-0.000000
-0.000000
-0.000000
-0.000000
-0.000000
-0.000000
-0.000000
-0.000000
-0.000000
-0.000000
-0.000000
-0.000000
-0.000000
-0.000000
-0.000000
-0.000000
-0.000000
-0.000000
-0.000000
-0.000000
-0.000000
-0.000000
-0.000000
-0.000000
-0.000000
-0.000000
-0.000000
-0.000000
-0.000000
-0.000000
-0.000000
-0.000000
-0.000000
-0.000000
-0.000000
-0.000000
-0.000000
-0.000000
-0.000000
-0.000000
-0.000000
-0.000000
-0.000000
-0.000000
-0.000000
-0.000000
-0.000000
-0.000000
-0.000000
-0.000000
-0.000000
-0.000000
-0.000000
-0.000000
-0.000000
-0.000000
-0.000000
-0.000000
-0.000000
-0.000000
-0.000000
-0.000000
-0.000000
-0.000000
-0.000000
-0.000000
-0.000000
-0.000000
-0.000000
-0.000000
-0.000000
-0.000000
-0.000000
-0.000000
-0.000000
-0.000000
-0.000000
-0.000000
-0.000000
-0.000000
-0.000000
-0.000000
-0.000000
-0.000000
-0.000000
-0.000000
-0.000000
-0.000000
-0.000000
-0.000000
-0.000000
-0.000000
-0.000000
-0.000000
-0.000000
-0.000000
-0.000000
-0.000000
-0.000000
-0.000000
-0.000000
-0.000000
-0.000000
-0.000000
-0.000000
-0.000000
-0.000000
-0.000000
-0.000000
-0.000000
-0.000000
-0.000000
-0.000000
-0.000000
-0.000000
-0.000000
-0.000000
-0.000000
-0.000000
-0.000000
-0.000000
-0.000000
-0.000000
-0.000000
-0.000000
-0.000000
-0.000000
-0.000000
-0.000000
-0.000000
-0.000000
-0.000000
-0.000000
-0.000000
-0.000000
-0.000000
-0.000000
-0.000000
-0.000000
-0.000000
-0.000000
-0.000000
-0.000000
-0.000000
-0.000000
-0.000000
-0.000000
-0.000000
-0.000000
-0.000000
-0.000000
-0.000000
-0.000000
-0.000000
-0.000000
-0.000000
-0.000000
-0.000000
-0.000000
-0.000000
-0.000000
-0.000000
-0.000000
-0.000000
-0.000000
-0.000000
-0.000000
-0.000000
-0.000000
-0.000000
-0.000000
-0.000000
-0.000000
-0.000000
-0.000000
-0.000000
-0.000000
-0.000000
-0.000000
-0.000000
-0.000000
-0.000000
-0.000000
-0.000000
-0.000000
-0.000000
-0.000000
-0.000000
-0.000000
-0.000000
-0.000000
-0.000000
-0.000000
-0.000000
-0.000000
-0.000000
-0.000000
-0.000000
-0.000000
-0.000000
-0.000000
-0.000000
-0.000000
-0.000000
-0.000000
-0.000000
-0.000000
-0.000000
-0.000000
-0.000000
-0.000000
-0.000000
-0.000000
-0.000000
-0.000000
-0.000000
-0.000000
-0.000000
-0.000000
-0.000000
-0.000000
-0.000000
-0.000000
-0.000000
-0.000000
-0.000000
-0.000000
-0.000000
-0.000000
-0.000000
-0.000000
-0.000000
-0.000000
-0.000000
-0.000000
-0.000000
-0.000000
-0.000000
-0.000000
-0.000000
-0.000000
-0.000000
-0.000000
-0.000000
-0.000000
-0.000000
-0.000000
-0.000000
-0.000000
-0.000000
-0.000000
-0.000000
-0.000000
-0.000000
-0.000000
-0.000000
-0.000000
-0.000000
-0.000000
-0.000000
-0.000000
-0.000000
-0.000000
-0.000000
-0.000000
-0.000000
-0.000000
-0.000000
-0.000000
-0.000000
-0.000000
-0.000000
-0.000000
-0.000000
-0.000000
-0.000000
-0.000000
-0.000000
-0.000000
-0.000000
-0.000000
-0.000000
-0.000000
-0.000000
-0.000000
-0.000000
-0.000000
-0.000000
-0.000000
-0.000000
-0.000000
-0.000000
-0.000000
-0.000000
-0.000000
-0.000000
-0.000000
-0.000000
-0.000000
-0.000000
-0.000000
-0.000000
-0.000000
-0.000000
-0.000000
-0.000000
-0.000000
-0.000000
-0.000000
-0.000000
-0.000000
-0.000000
-0.000000
-0.000000
-0.000000
-0.000000
-0.000000
-0.000000
-0.000000
-0.000000
-0.000000
-0.000000
-0.000000
-0.000000
-0.000000
-0.000000
-0.000000
-0.000000
-0.000000
-0.000000
-0.000000
-0.000000
-0.000000
-0.000000
-0.000000
-0.000000
-0.000000
-0.000000
-0.000000
-0.000000
-0.000000
-0.000000
-0.000000
-0.000000
-0.000000
-0.000000
-0.000000
-0.000000
-0.000000
-0.000000
-0.000000
-0.000000
-0.000000
-0.000000
-0.000000
-0.000000
-0.000000
-0.000000
-0.000000
-0.000000
-0.000000
-0.000000
-0.000000
-0.000000
-0.000000
-0.000000
-0.000000
-0.000000
-0.000000
-0.000000
-0.000000
-0.000000
-0.000000
-0.000000
-0.000000
-0.000000
-0.000000
-0.000000
-0.000000
-0.000000
-0.000000
-0.000000
-0.000000
-0.000000
-0.000000
-0.000000
-0.000000
-0.000000
-0.000000
-0.000000
-0.000000
-0.000000
-0.000000
-0.000000
-0.000000
-0.000000
-0.000000
-0.000000
-0.000000
-0.000000
-0.000000
-0.000000
-0.000000
-0.000000
-0.000000
-0.000000
-0.000000
-0.000000
-0.000000
-0.000000
-0.000000
-0.000000
-0.000000
-0.000000
-0.000000
-0.000000
-0.000000
-0.000000
-0.000000
-0.000000
-0.000000
-0.000000
-0.000000
-0.000000
-0.000000
-0.000000
-0.000000
-0.000000
-0.000000
-0.000000
-0.000000
-0.000000
-0.000000
-0.000000
-0.000000
-0.000000
-0.000000
-0.000000
-0.000000
-0.000000
-0.000000
-0.000000
-0.000000
-0.000000
-0.000000
-0.000000
-0.000000
-0.000000
-0.000000
-0.000000
-0.000000
-0.000000
-0.000000
-0.000000
-0.000000
-0.000000
-0.000000
-0.000000
-0.000000
-0.000000
-0.000000
-0.000000
-0.000000
-0.000000
-0.000000
-0.000000
-0.000000
-0.000000
-0.000000
-0.000000
-0.000000
-0.000000
-0.000000
-0.000000
-0.000000
-0.000000
-0.000000
-0.000000
-0.000000
-0.000000
-0.000000
-0.000000
-0.000000
-0.000000
-0.000000
-0.000000
-0.000000
-0.000000
-0.000000
-0.000000
-0.000000
-0.000000
-0.000000
-0.000000
-0.000000
-0.000000
-0.000000
-0.000000
-0.000000
-0.000000
-0.000000
-0.000000
-0.000000
-0.000000
-0.000000
-0.000000
-0.000000
-0.000000
-0.000000
-0.000000
-0.000000
-0.000000
-0.000000
-0.000000
-0.000000
-0.000000
-0.000000
-0.000000
-0.000000
-0.000000
-0.000000
-0.000000
-0.000000
-0.000000
-0.000000
-0.000000
-0.000000
-0.000000
-0.000000
-0.000000
-0.000000
-0.000000
-0.000000
-0.000000
-0.000000
-0.000000
-0.000000
-0.000000
-0.000000
-0.000000
-0.000000
-0.000000
-0.000000
-0.000000
-0.000000
-0.000000
-0.000000
-0.000000
-0.000000
-0.000000
-0.000000
-0.000000
-0.000000
-0.000000
-0.000000
-0.000000
-0.000000
-0.000000
-0.000000
-0.000000
-0.000000
-0.000000
-0.000000
-0.000000
-0.000000
-0.000000
-0.000000
-0.000000
-0.000000
-0.000000
-0.000000
-0.000000
-0.000000
-0.000000
-0.000000
-0.000000
-0.000000
-0.000000
-0.000000
-0.000000
-0.000000
-0.000000
-0.000000
-0.000000
-0.000000
-0.000000
-0.000000
-0.000000
-0.000000
-0.000000
-0.000000
-0.000000
-0.000000
-0.000000
-0.000000
-0.000000
-0.000000
-0.000000
-0.000000
-0.000000
-0.000000
-0.000000
-0.000000
-0.000000
-0.000000
-0.000000
-0.000000
-0.000000
-0.000000
-0.000000
-0.000000
-0.000000
-0.000000
-0.000000
-0.000000
-0.000000
-0.000000
-0.000000
-0.000000
-0.000000
-0.000000
-0.000000
-0.000000
-0.000000
-0.000000
-0.000000
-0.000000
-0.000000
-0.000000
-0.000000
-0.000000
-0.000000
-0.000000
-0.000000
-0.000000
-0.000000
-0.000000
-0.000000
-0.000000
-0.000000
-0.000000
-0.000000
-0.000000
-0.000000
-0.000000
-0.000000
-0.000000
-0.000000
-0.000000
-0.000000
-0.000000
-0.000000
-0.000000
-0.000000
-0.000000
-0.000000
-0.000000
-0.000000
-0.000000
-0.000000
-0.000000
-0.000000
-0.000000
-0.000000
-0.000000
-0.000000
-0.000000
-0.000000
-0.000000
-0.000000
-0.000000
-0.000000
-0.000000
-0.000000
-0.000000
-0.000000
-0.000000
-0.000000
-0.000000
-0.000000
-0.000000
-0.000000
-0.000000
-0.000000
-0.000000
-0.000000
-0.000000
-0.000000
-0.000000
-0.000000
-0.000000
-0.000000
-0.000000
-0.000000
-0.000000
-0.000000
-0.000000
-0.000000
-0.000000
-0.000000
-0.000000
-0.000000
-0.000000
-0.000000
-0.000000
-0.000000
-0.000000
-0.000000
-0.000000
-0.000000
-0.000000
-0.000000
-0.000000
-0.000000
-0.000000
-0.000000
-0.000000
-0.000000
-0.000000
-0.000000
-0.000000
-0.000000
-0.000000
-0.000000
-0.000000
-0.000000
-0.000000
-0.000000
-0.000000
-0.000000
-0.000000
-0.000000
-0.000000
-0.000000
-0.000000
-0.000000
-0.000000
-0.000000
-0.000000
-0.000000
-0.000000
-0.000000
-0.000000
-0.000000
-0.000000
-0.000000
-0.000000
-0.000000
-0.000000
-0.000000
-0.000000
-0.000000
-0.000000
-0.000000
-0.000000
-0.000000
-0.000000
-0.000000
-0.000000
-0.000000
-0.000000
-0.000000
-0.000000
-0.000000
-0.000000
-0.000000
-0.000000
-0.000000
-0.000000
-0.000000
-0.000000
-0.000000
-0.000000
-0.000000
-0.000000
-0.000000
-0.000000
-0.000000
-0.000000
-0.000000
-0.000000
-0.000000
-0.000000
-0.000000
-0.000000
-0.000000
-0.000000
-0.000000
-0.000000
-0.000000
-0.000000
-0.000000
-0.000000
-0.000000
-0.000000
-0.000000
-0.000000
-0.000000
-0.000000
-0.000000
-0.000000
-0.000000
-0.000000
-0.000000
-0.000000
-0.000000
-0.000000
-0.000000
-0.000000
-0.000000
-0.000000
-0.000000
-0.000000
-0.000000
-0.000000
-0.000000
-0.000000
-0.000000
-0.000000
-0.000000
-0.000000
-0.000000
-0.000000
-0.000000
-0.000000
-0.000000
-0.000000
-0.000000
-0.000000
-0.000000
-0.000000
-0.000000
-0.000000
-0.000000
-0.000000
-0.000000
-0.000000
-0.000000
-0.000000
-0.000000
-0.000000
-0.000000
-0.000000
-0.000000
-0.000000
-0.000000
-0.000000
-0.000000
-0.000000
-0.000000
-0.000000
-0.000000
-0.000000
-0.000000
-0.000000
-0.000000
-0.000000
-0.000000
-0.000000
-0.000000
-0.000000
-0.000000
-0.000000
-0.000000
-0.000000
-0.000000
-0.000000
-0.000000
-0.000000
-0.000000
-0.000000
-0.000000
-0.000000
-0.000000
-0.000000
-0.000000
-0.000000
-0.000000
-0.000000
-0.000000
-0.000000
-0.000000
-0.000000
-0.000000
-0.000000
-0.000000
-0.000000
-0.000000
-0.000000
-0.000000
-0.000000
-0.000000
-0.000000
-0.000000
-0.000000
-0.000000
-0.000000
-0.000000
-0.000000
-0.000000
-0.000000
-0.000000
-0.000000
-0.000000
-0.000000
-0.000000
-0.000000
-0.000000
-0.000000
-0.000000
-0.000000
-0.000000
-0.000000
-0.000000
-0.000000
-0.000000
-0.000000
-0.000000
-0.000000
-0.000000
-0.000000
-0.000000
-0.000000
-0.000000
-0.000000
-0.000000
-0.000000
-0.000000
-0.000000
-0.000000
-0.000000
-0.000000
-0.000000
-0.000000
-0.000000
-0.000000
-0.000000
-0.000000
-0.000000
-0.000000
-0.000000
-0.000000
-0.000000
-0.000000
-0.000000
-0.000000
-0.000000
-0.000000
-0.000000
-0.000000
-0.000000
-0.000000
-0.000000
-0.000000
-0.000000
-0.000000
-0.000000
-0.000000
-0.000000
-0.000000
-0.000000
-0.000000
-0.000000
-0.000000
-0.000000
-0.000000
-0.000000
-0.000000
-0.000000
-0.000000
-0.000000
-0.000000
-0.000000
-0.000000
-0.000000
-0.000000
-0.000000
-0.000000
-0.000000
-0.000000
-0.000000
-0.000000
-0.000000
-0.000000
-0.000000
-0.000000
-0.000000
-0.000000
-0.000000
-0.000000
-0.000000
-0.000000
-0.000000
-0.000000
-0.000000
-0.000000
-0.000000
-0.000000
-0.000000
-0.000000
-0.000000
-0.000000
-0.000000
-0.000000
-0.000000
-0.000000
-0.000000
-0.000000
-0.000000
-0.000000
-0.000000
-0.000000
-0.000000
-0.000000
-0.000000
-0.000000
-0.000000
-0.000000
-0.000000
-0.000000
-0.000000
-0.000000
-0.000000
-0.000000
-0.000000
-0.000000
-0.000000
-0.000000
-0.000000
-0.000000
-0.000000
-0.000000
-0.000000
-0.000000
-0.000000
-0.000000
-0.000000
-0.000000
-0.000000
-0.000000
-0.000000
-0.000000
-0.000000
-0.000000
-0.000000
-0.000000
-0.000000
-0.000000
-0.000000
-0.000000
-0.000000
-0.000000
-0.000000
-0.000000
-0.000000
-0.000000
-0.000000
-0.000000
-0.000000
-0.000000
-0.000000
-0.000000
-0.000000
-0.000000
-0.000000
-0.000000
-0.000000
-0.000000
-0.000000
-0.000000
-0.000000
-0.000000
-0.000000
-0.000000
-0.000000
-0.000000
-0.000000
-0.000000
-0.000000
-0.000000
-0.000000
-0.000000
-0.000000
-0.000000
-0.000000
-0.000000
-0.000000
-0.000000
-0.000000
-0.000000
-0.000000
-0.000000
-0.000000
-0.000000
-0.000000
-0.000000
-0.000000
-0.000000
-0.000000
-0.000000
-0.000000
-0.000000
-0.000000
-0.000000
-0.000000
-0.000000
-0.000000
-0.000000
-0.000000
-0.000000
-0.000000
-0.000000
-0.000000
-0.000000
-0.000000
-0.000000
-0.000000
-0.000000
-0.000000
-0.000000
-0.000000
-0.000000
-0.000000
-0.000000
-0.000000
-0.000000
-0.000000
-0.000000
-0.000000
-0.000000
-0.000000
-0.000000
-0.000000
-0.000000
-0.000000
-0.000000
-0.000000
-0.000000
-0.000000
-0.000000
-0.000000
-0.000000
-0.000000
-0.000000
-0.000000
-0.000000
-0.000000
-0.000000
-0.000000
-0.000000
-0.000000
-0.000000
-0.000000
-0.000000
-0.000000
-0.000000
-0.000000
-0.000000
-0.000000
-0.000000
-0.000000
-0.000000
-0.000000
-0.000000
-0.000000
-0.000000
-0.000000
-0.000000
-0.000000
-0.000000
-0.000000
-0.000000
-0.000000
-0.000000
-0.000000
-0.000000
-0.000000
-0.000000
-0.000000
-0.000000
-0.000000
-0.000000
-0.000000
0.000000
0.000000
0.000000
0.000000
0.000000
0.000000
0.000000
0.000000
0.000000
0.000000
0.000000
0.000000
0.000000
0.000000
0.000000
0.000000
0.000000
0.000000
0.000000
0.000000
0.000000
0.000000
0.000000
0.000000
0.000000
0.000000
0.000000
0.000000
0.000000
0.000000
0.000000
0.000000
0.000000
0.000000
0.000000
0.000000
0.000000
0.000000
0.000000
0.000000
0.000000
0.000000
0.000000
0.000000
0.000000
0.000000
0.000000
0.000000
0.000000
0.000000
0.000000
0.000000
0.000000
0.000000
0.000000
0.000000
0.000000
0.000000
0.000000
0.000000
0.000000
0.000000
0.000000
0.000000
0.000000
0.000000
0.000000
0.000000
0.000000
0.000000
0.000000
0.000000
0.000000
0.000000
0.000000
0.000000
0.000000
0.000000
0.000000
0.000000
0.000000
0.000000
0.000000
0.000000
0.000000
0.000000
0.000000
0.000000
0.000000
0.000000
0.000000
0.000000
0.000000
0.000000
0.000000
0.000000
0.000000
0.000000
0.000000
0.000000
0.000000
0.000000
0.000000
0.000000
0.000000
0.000000
0.000000
0.000000
0.000000
0.000000
0.000000
0.000000
0.000000
0.000000
0.000000
0.000000
0.000000
0.000000
0.000000
0.000000
0.000000
0.000000
0.000000
0.000000
0.000000
0.000000
0.000000
0.000000
0.000000
0.000000
0.000000
0.000000
0.000000
0.000000
0.000000
0.000000
0.000000
0.000000
0.000000
0.000000
0.000000
0.000000
0.000000
0.000000
0.000000
0.000000
0.000000
0.000000
0.000000
0.000000
0.000000
0.000000
0.000000
0.000000
0.000000
0.000000
0.000000
0.000000
0.000000
0.000000
0.000000
0.000000
0.000000
0.000000
0.000000
0.000000
0.000000
0.000000
0.000000
0.000000
0.000000
0.000000
0.000000
0.000000
0.000000
0.000000
0.000000
0.000000
0.000000
0.000000
0.000000
0.000000
0.000000
0.000000
0.000000
0.000000
0.000000
0.000000
0.000000
0.000000
0.000000
0.000000
0.000000
0.000000
0.000000
0.000000
0.000000
0.000000
0.000000
0.000000
0.000000
0.000000
0.000000
0.000000
0.000000
0.000000
0.000000
0.000000
0.000000
0.000000
0.000000
0.000000
0.000000
0.000000
0.000000
0.000000
0.000000
0.000000
0.000000
0.000000
0.000000
0.000000
0.000000
0.000000
0.000000
0.000000
0.000000
0.000000
0.000000
0.000000
0.000000
0.000000
0.000000
0.000000
0.000000
0.000000
0.000000
0.000000
0.000000
0.000000
0.000000
0.000000
0.000000
0.000000
0.000000
0.000000
0.000000
0.000000
0.000000
0.000000
0.000000
0.000000
0.000000
0.000000
0.000000
0.000000
0.000000
0.000000
0.000000
0.000000
0.000000
0.000000
0.000000
0.000000
0.000000
0.000000
0.000000
0.000000
0.000000
0.000000
0.000000
0.000000
0.000000
0.000000
0.000000
0.000000
0.000000
0.000000
0.000000
0.000000
0.000000
0.000000
0.000000
0.000000
0.000000
0.000000
0.000000
0.000000
0.000000
0.000000
0.000000
0.000000
0.000000
0.000000
0.000000
0.000000
0.000000
0.000000
0.000000
0.000000
0.000000
0.000000
0.000000
0.000000
0.000000
0.000000
0.000000
0.000000
0.000000
0.000000
0.000000
0.000000
0.000000
0.000000
0.000000
0.000000
0.000000
0.000000
0.000000
0.000000
0.000000
0.000000
0.000000
0.000000
0.000000
0.000000
0.000000
0.000000
0.000000
0.000000
0.000000
0.000000
0.000000
0.000000
0.000000
0.000000
0.000000
0.000000
0.000000
0.000000
0.000000
0.000000
0.000000
0.000000
0.000000
0.000000
0.000000
0.000000
0.000000
0.000000
0.000000
0.000000
0.000000
0.000000
0.000000
0.000000
0.000000
0.000000
0.000000
0.000000
0.000000
0.000000
0.000000
0.000000
0.000000
0.000000
0.000000
0.000000
0.000000
0.000000
0.000000
0.000000
0.000000
0.000000
0.000000
0.000000
0.000000
0.000000
0.000000
0.000000
0.000000
0.000000
0.000000
0.000000
0.000000
0.000000
0.000000
0.000000
0.000000
0.000000
0.000000
0.000000
0.000000
0.000000
0.000000
0.000000
0.000000
0.000000
0.000000
0.000000
0.000000
0.000000
0.000000
0.000000
0.000000
0.000000
0.000000
0.000000
0.000000
0.000000
0.000000
0.000000
0.000000
0.000000
0.000000
0.000000
0.000000
0.000000
0.000000
0.000000
0.000000
0.000000
0.000000
0.000000
0.000000
0.000000
0.000000
0.000000
0.000000
0.000000
0.000000
0.000000
0.000000
0.000000
0.000000
0.000000
0.000000
0.000000
0.000000
0.000000
0.000000
0.000000
0.000000
0.000000
0.000000
0.000000
0.000000
0.000000
0.000000
0.000000
0.000000
0.000000
0.000000
0.000000
0.000000
0.000000
0.000000
0.000000
0.000000
0.000000
0.000000
0.000000
0.000000
0.000000
0.000000
0.000000
0.000000
0.000000
0.000000
0.000000
0.000000
0.000000
0.000000
0.000000
0.000000
0.000000
0.000000
0.000000
0.000000
0.000000
0.000000
0.000000
0.000000
0.000000
0.000000
0.000000
0.000000
0.000000
0.000000
0.000000
0.000000
0.000000
0.000000
0.000000
0.000000
0.000000
0.000000
0.000000
0.000000
0.000000
0.000000
