-25.000000
-25.000000
-25.000000
-25.000000
-25.000000
-25.000000
-25.000000
-25.000000
-25.000000
-25.000000
-25.000000
-25.000000
-25.000000
-25.000000
-25.000000
-25.000000
-25.000000
-25.000000
-25.000000
-25.000000
-25.000000
-25.000000
-25.000000
-25.000000
-25.000000
-25.000000
-25.000000
-25.000000
-25.000000
-25.000000
-25.000000
-25.000000
-25.000000
-25.000000
-25.000000
-25.000000
-25.000000
-25.000000
-25.000000
-25.000000
-25.000000
-25.000000
-25.000000
-25.000000
-25.000000
-25.000000
-25.000000
-25.000000
-25.000000
-25.000000
-25.000000
-25.000000
-25.000000
-25.000000
-25.000000
-25.000000
-25.000000
-25.000000
-25.000000
-25.000000
-25.000000
-25.000000
-25.000000
-25.000000
-25.000000
-25.000000
-25.000000
-25.000000
-25.000000
-25.000000
-25.000000
-25.000000
-25.000000
-25.000000
-25.000000
-25.000000
-25.000000
-25.000000
-25.000000
-25.000000
-25.000000
-25.000000
-25.000000
-25.000000
-25.000000
-25.000000
-25.000000
-25.000000
-25.000000
-25.000000
-25.000000
-25.000000
-25.000000
-25.000000
-25.000000
-25.000000
-25.000000
-25.000000
-25.000000
-25.000000
-25.000000
-25.000000
-25.000000
-25.000000
-25.000000
-25.000000
-25.000000
-25.000000
-25.000000
-25.000000
-22.096310
-22.096310
-22.096310
-22.096310
-22.096310
-22.096310
-22.096310
-22.096310
-22.096310
-22.096310
-12.472900
-12.472900
-12.472900
-12.472900
-12.472900
-12.472900
-12.472900
-12.472900
-12.472900
-12.472900
-4.144900
-4.144900
-4.144900
-4.144900
-4.144900
-4.144900
-4.144900
-4.144900
-4.144900
-4.144900
2.874840
2.874840
2.874840
2.874840
2.874840
2.874840
2.874840
2.874840
2.874840
2.874840
9.330100
9.330100
9.330100
9.330100
9.330100
9.330100
9.330100
9.330100
9.330100
9.330100
14.914350
14.914350
14.914350
14.914350
14.914350
14.914350
14.914350
14.914350
14.914350
14.914350
19.287180
19.287180
19.287180
19.287180
19.287180
19.287180
19.287180
19.287180
19.287180
19.287180
23.080850
23.080850
23.080850
23.080850
23.080850
23.080850
23.080850
23.080850
23.080850
23.080850
25.000000
25.000000
25.000000
25.000000
25.000000
25.000000
25.000000
25.000000
25.000000
25.000000
24.588630
24.588630
24.588630
24.588630
24.588630
24.588630
24.588630
24.588630
24.588630
24.588630
23.608050
23.608050
23.608050
23.608050
23.608050
23.608050
23.608050
23.608050
23.608050
23.608050
23.457710
23.457710
23.457710
23.457710
23.457710
23.457710
23.457710
23.457710
23.457710
23.457710
25.000000
25.000000
25.000000
25.000000
25.000000
25.000000
25.000000
25.000000
25.000000
25.000000
25.000000
25.000000
25.000000
25.000000
25.000000
25.000000
25.000000
25.000000
25.000000
25.000000
25.000000
25.000000
25.000000
25.000000
25.000000
25.000000
25.000000
25.000000
25.000000
25.000000
22.759360
22.759360
22.759360
22.759360
22.759360
22.759360
22.759360
22.759360
22.759360
22.759360
0.000000
0.000000
0.000000
0.000000
0.000000
0.000000
0.000000
0.000000
0.000000
0.000000
0.000000
0.000000
0.000000
0.000000
0.000000
0.000000
0.000000
0.000000
0.000000
0.000000
0.000000
0.000000
0.000000
0.000000
0.000000
0.000000
0.000000
0.000000
0.000000
0.000000
0.000000
0.000000
0.000000
0.000000
0.000000
0.000000
0.000000
0.000000
0.000000
0.000000
0.000000
0.000000
0.000000
0.000000
0.000000
0.000000
0.000000
0.000000
0.000000
0.000000
0.000000
0.000000
0.000000
0.000000
0.000000
0.000000
0.000000
0.000000
0.000000
0.000000
0.000000
0.000000
0.000000
0.000000
0.000000
0.000000
0.000000
0.000000
0.000000
0.000000
0.000000
0.000000
0.000000
0.000000
0.000000
0.000000
0.000000
0.000000
0.000000
0.000000
0.000000
0.000000
0.000000
0.000000
0.000000
0.000000
0.000000
0.000000
0.000000
0.000000
0.000000
0.000000
0.000000
0.000000
0.000000
0.000000
0.000000
0.000000
0.000000
0.000000
0.000000
0.000000
0.000000
0.000000
0.000000
0.000000
0.000000
0.000000
0.000000
0.000000
0.000000
0.000000
0.000000
0.000000
0.000000
0.000000
0.000000
0.000000
0.000000
0.000000
0.000000
0.000000
0.000000
0.000000
0.000000
0.000000
0.000000
0.000000
0.000000
0.000000
0.000000
0.000000
0.000000
0.000000
0.000000
0.000000
0.000000
0.000000
0.000000
0.000000
0.000000
0.000000
0.000000
0.000000
0.000000
0.000000
0.000000
0.000000
0.000000
0.000000
0.000000
0.000000
0.000000
0.000000
0.000000
0.000000
0.000000
0.000000
0.000000
0.000000
0.000000
0.000000
0.000000
0.000000
0.000000
0.000000
0.000000
0.000000
0.000000
0.000000
0.000000
0.000000
0.000000
0.000000
0.000000
0.000000
0.000000
0.000000
0.000000
0.000000
0.000000
0.000000
0.000000
0.000000
0.000000
0.000000
0.000000
0.000000
0.000000
0.000000
0.000000
0.000000
0.000000
0.000000
0.000000
0.000000
0.000000
0.000000
0.000000
0.000000
0.000000
0.000000
0.000000
0.000000
0.000000
0.000000
0.000000
0.000000
0.000000
0.000000
0.000000
0.000000
0.000000
0.000000
0.000000
0.000000
0.000000
0.000000
0.000000
0.000000
0.000000
0.000000
0.000000
0.000000
0.000000
0.000000
0.000000
0.000000
0.000000
0.000000
0.000000
0.000000
0.000000
0.000000
0.000000
0.000000
0.000000
0.000000
0.000000
0.000000
0.000000
0.000000
0.000000
0.000000
0.000000
0.000000
0.000000
0.000000
0.000000
0.000000
0.000000
0.000000
0.000000
0.000000
0.000000
0.000000
0.000000
0.000000
0.000000
0.000000
0.000000
0.000000
0.000000
0.000000
0.000000
0.000000
0.000000
0.000000
0.000000
0.000000
0.000000
0.000000
0.000000
0.000000
0.000000
0.000000
0.000000
0.000000
0.000000
0.000000
0.000000
0.000000
0.000000
0.000000
0.000000
0.000000
0.000000
0.000000
0.000000
0.000000
0.000000
0.000000
0.000000
0.000000
0.000000
0.000000
0.000000
0.000000
0.000000
0.000000
0.000000
0.000000
0.000000
0.000000
0.000000
0.000000
0.000000
0.000000
0.000000
0.000000
0.000000
0.000000
0.000000
0.000000
0.000000
0.000000
0.000000
0.000000
0.000000
0.000000
0.000000
0.000000
0.000000
0.000000
0.000000
0.000000
0.000000
0.000000
0.000000
0.000000
0.000000
0.000000
0.000000
0.000000
0.000000
0.000000
0.000000
0.000000
0.000000
